1366869284 415
1366869287 415
1366869293 1814
1366869300 1802
1366869306 1799
1366869314 1797
1366869320 1795
1366869327 1771
1366869334 0
1366869342 0
1366869348 1784
1366869355 1784
1366869361 1249
1366869368 0
1366869376 0
1366869383 1769
1366869389 1748
1366869395 629
1366869401 0
1366869408 1777
1366869414 1752
1366869422 0
1366869428 0
1366869436 0
1366869442 1806
1366869449 1787
1366869455 0
1366869461 0
1366869469 0
1366869476 1
1366869482 1797
1366869490 0
1366869498 0
1366869504 0
1366869510 1794
1366869516 1776
1366869524 3
1366869532 3261
1366869540 0
1366869546 1781
1366869553 1769
1366869560 0
1366869569 0
1368645044 423
1368645052 1802
1368645059 1789
1368645066 1803
1368645072 1795
1368645079 1788
1368645086 1790
1368645092 1779
1368645099 0
1368645105 0
1368645112 1827
1368645118 1810
1368645124 0
1368645130 0
1368645136 0
1368645143 6
1368645149 1819
1368645155 0
1368645162 0
1368645169 1
1368645172 0
1371106780 0
1371106788 0
1371106794 1839
1371106801 1855
1371106807 1852
1371106814 1830
1371106821 1823
1371106827 1828
1371106833 0
1371106839 0
1371106846 1
1371106853 0
1371106864 0
1371106872 1844
1371106878 0
1371106884 0
1371106891 0
1371106897 0
1371106903 1
1371106910 54
1371106916 0
1371106923 1821
1371106929 1834
1371106935 0
1371106941 0
1371106948 1815
1371106954 1811
1371106961 0
1371106967 0
1371106973 0
1371106979 0
1371106986 1820
1371106993 1828
1371106999 0
1371107005 0
1371107012 0
1371107018 0
1371107024 0
1371107031 0
1371107037 0
1371107043 0
1371107049 1795
1371107055 1814
1371107062 0
1371107068 0
1371107074 1802
1371107081 1790
1371107087 0
1371107093 0
1371107099 1
1371107106 0
1371149270 412
1371149273 1774
1371149280 1770
1371149287 1795
1371149293 1770
1371149299 1773
1371149306 0
1371149312 3
1371149318 1799
1371149325 0
1371149331 0
1371149337 0
1371149343 1797
1371149350 1793
1371149356 0
1371149362 2
1371149369 1793
1371149375 40
1371149381 0
1371149388 1774
1371149394 1777
1371149400 0
1371149406 0
1371149412 0
1371149419 0
1371149425 0
1371149432 0
1371149438 0
1371149444 0
1371149450 0
1371149457 0
1371149463 0
1371149469 0
1371149476 0
1371149482 0
1371149489 0
1371149495 0
1371149501 0
1371149508 0
1371149514 0
1371149520 0
1371149526 0
1371149533 0
1371149539 0
1371149545 0
1371149552 0
1371149558 0
1371149564 0
1371149570 0
1371149577 0
1371149583 0
1371149590 0
1371149597 0
1371149603 0
1371149609 0
1371149615 0
1371149622 0
1371149628 0
1371149635 0
1371149642 0
1371149648 0
1371149655 0
1371149661 0
1371149667 0
1371149673 0
1371149680 0
1371149687 0
1371149693 0
1371149699 0
1371149706 0
1371149712 0
1371149719 0
1371149725 0
1371149731 0
1371149738 0
1371149744 0
1371149751 0
1371149757 0
1371149763 0
1371149770 0
1371149777 0
1371149783 0
1371149790 0
1371149796 0
1371149802 0
1371149809 0
1371149815 0
1371149821 0
1371149827 0
1371149834 0
1371149840 0
1371149846 0
1371149852 0
1371149858 0
1371149865 0
1371149871 0
1371149877 0
1371149884 0
1371149890 0
1371149896 0
1371149903 0
1371149909 0
1371149915 0
1371149921 0
1371149928 0
1371149935 0
1371149940 0
1371149947 0
1371149954 0
1371149960 0
1371149967 0
1371149973 0
1371149980 0
1371149986 0
1371149992 0
1371149999 0
1371150005 0
1371150011 0
1371150018 0
1371150024 0
1371150030 0
1371150037 0
1371150043 0
1371150050 0
1371150056 0
1371150062 0
1371150068 0
1371150075 0
1371150081 0
1371150087 0
1371150093 0
1371150100 0
1371150106 0
1371150112 0
1371150118 0
1371150125 0
1371150132 0
1371150142 0
1371150150 0
1371150157 0
1371150163 0
1371150169 0
1371150175 0
1371150182 0
1371150188 0
1371150194 0
1371150200 0
1371150207 0
1371150213 0
1371150219 0
1371150226 0
1371150232 0
1371150238 0
1371150244 0
1371150250 0
1371150257 0
1371150263 0
1371150270 0
1371150276 0
1371150282 0
1371150289 0
1371150295 0
1371150302 0
1371150308 0
1371150315 0
1371150321 0
1371150327 0
1371150334 0
1371150340 0
1371150347 0
1371150353 0
1371150359 0
1371150366 0
1371150372 0
1371150378 0
1371150385 0
1371150391 0
1371150398 0
1371150404 0
1371150410 0
1371150417 0
1371150423 0
1371150430 0
1371150436 0
1371150442 0
1371150449 0
1371150455 0
1371150461 0
1371150468 0
1371150474 0
1371150479 0
1371150485 0
1371150492 0
1371150498 0
1371150505 0
1371150511 0
1371150517 0
1371150523 0
1371150529 0
1371150536 0
1371150542 0
1371150549 0
1371150555 0
1371150561 0
1371150568 0
1371150574 0
1371150581 0
1371150587 0
1371150593 0
1371150599 0
1371150606 0
1371150612 0
1371150619 0
1371150625 0
1371150631 0
1371150638 0
1371150644 0
1371150651 0
1371150657 0
1371150663 0
1371150669 0
1371150676 0
1371150682 0
1371150688 0
1371150695 0
1371150701 0
1371150707 0
1371150713 0
1371150719 0
1371150725 0
1371150732 0
1371150738 0
1371150744 0
1371150750 0
1371150757 0
1371150763 0
1371150769 0
1371150775 0
1371150781 0
1371150788 0
1371150795 0
1371150801 0
1371150807 0
1371150814 0
1371150820 0
1371150826 0
1371150832 0
1371150839 0
1371150845 0
1371150852 0
1371150858 0
1371150864 0
1371150870 0
1371150877 0
1371150883 0
1371150889 0
1371150895 0
1371150901 0
1371150908 0
1371150914 0
1371150920 0
1371150926 0
1371150933 0
1371150939 0
1371150945 0
1371150951 0
1371150958 0
1371150964 0
1371150970 0
1371150976 0
1371150982 0
1371150989 0
1371150995 0
1371151001 0
1371151008 0
1371151014 0
1371151021 0
1371151027 0
1371151033 0
1371151040 0
1371151046 0
1371151052 0
1371151059 0
1371151065 0
1371151072 0
1371151078 0
1371151084 0
1371151090 0
1371151096 0
1371151103 0
1371151109 0
1371151115 0
1371151121 0
1371151127 0
1371151134 0
1371151140 0
1371151146 0
1371151153 0
1371151159 0
1371151166 0
1371151172 0
1371151179 0
1371151185 0
1371151191 0
1371151197 0
1371151204 0
1371151210 0
1371151216 0
1371151222 0
1371151229 0
1371151235 0
1371151241 0
1371151248 0
1371151254 0
1371151260 0
1371151266 0
1371151272 0
1371151279 0
1371151285 0
1371151292 0
1371151298 0
1371151305 0
1371151311 0
1371151317 0
1371151323 0
1371151330 0
1371151336 0
1371151342 0
1371151348 0
1371151359 0
1371151367 0
1371151373 0
1371151379 0
1371151386 0
1371151392 0
1371151398 0
1371151404 0
1371151411 0
1371151417 0
1371151423 0
1371151429 0
1371151435 0
1371151441 0
1371151448 0
1371151454 0
1371151460 0
1371151467 0
1371151473 0
1371151479 0
1371151485 0
1371151491 0
1371151498 0
1371151504 0
1371151510 0
1371151516 0
1371151522 0
1371151528 0
1371151535 0
1371151541 0
1371151547 0
1371151553 0
1371151560 0
1371151566 0
1371151572 0
1371151578 0
1371151584 0
1371151590 0
1371151597 0
1371151603 0
1371151609 0
1371151616 0
1371151622 0
1371151629 0
1371151636 0
1371151642 0
1371151648 0
1371151654 0
1371151660 0
1371151667 0
1371151673 0
1371151679 0
1371151686 0
1371151692 0
1371151698 0
1371151705 0
1371151711 0
1371151717 0
1371151724 0
1371151730 0
1371151736 0
1371151743 0
1371151749 0
1371151755 0
1371151762 0
1371151768 0
1371151774 0
1371151780 0
1371151787 0
1371151793 0
1371151799 0
1371151805 0
1371151811 0
1371151817 0
1371151824 0
1371151830 0
1371151836 0
1371151842 0
1371151848 0
1371151855 0
1371151861 0
1371151867 0
1371151873 0
1371151880 0
1371151886 0
1371151892 0
1371151898 0
1371151905 0
1371151911 0
1371151918 0
1371151924 0
1371151930 0
1371151936 0
1371151943 0
1371151949 0
1371151956 0
1371151962 0
1371151968 0
1371151974 0
1371151981 0
1371151987 0
1371151993 0
1371152000 0
1371152006 0
1371152012 0
1371152018 0
1371152025 0
1371152031 0
1371152037 0
1371152043 0
1371152049 0
1371152055 0
1371152062 0
1371152068 0
1371152075 0
1371152081 0
1371152087 0
1371152093 0
1371152100 0
1371152106 0
1371152113 0
1371152119 0
1371152125 0
1371152131 0
1371152138 0
1371152144 0
1371152150 0
1371152157 0
1371152163 0
1371152169 0
1371152175 0
1371152182 0
1371152188 0
1371152195 0
1371152201 0
1371152207 0
1371152213 0
1371152219 0
1371152225 0
1371152232 0
1371152238 0
1371152244 0
1371152250 0
1371152256 0
1371152262 0
1371152269 0
1371152275 0
1371152281 0
1371152288 0
1371152294 0
1371152300 0
1371152306 0
1371152312 0
1371152319 0
1371152325 0
1371152331 0
1371152337 0
1371152343 0
1371152350 0
1371152357 0
1371152363 0
1371152369 0
1371152375 0
1371152381 0
1371152388 0
1371152394 0
1371152400 0
1371152407 0
1371152413 0
1371152419 0
1371152426 0
1371152432 0
1371152438 0
1371152445 0
1371152451 0
1371152457 0
1371152464 0
1371152470 0
1371152477 0
1371152488 0
1371152496 0
1371152502 0
1371152508 0
1371152515 0
1371152521 0
1371152528 0
1371152534 0
1371152540 0
1371152546 0
1371152552 0
1371152558 0
1371152565 0
1371152571 0
1371152577 0
1371152584 0
1371152590 0
1371152596 0
1371152602 0
1371152609 0
1371152615 0
1371152621 0
1371152627 0
1371152634 0
1371152640 0
1371152646 0
1371152652 0
1371152659 0
1371152665 0
1371152672 0
1371152678 0
1371152685 0
1371152691 0
1371152697 478
1371152704 1820
1371152711 1796
1371152717 1794
1371152724 1812
1371152730 0
1371152736 0
1371152742 0
1371152749 0
1371152755 0
1371152761 0
1371152767 0
1371152774 0
1371152780 0
1371152786 2
1371152793 93
1371152799 0
1371152805 0
1371152812 0
1371152818 1786
1371152825 1798
1371152831 0
1371152838 0
1371152844 0
1371152851 0
1371152857 0
1371152863 0
1371152869 0
1371152876 0
1371152882 0
1371152888 0
1371152895 0
1371152901 1823
1371152907 1811
1371152914 0
1371152920 0
1371152926 0
1371152932 0
1371152939 0
1371152942 0
1373184702 0
1373184705 2
1373184710 1793
1373184717 1779
1373184724 1789
1373184730 1792
1373184736 1799
1373184743 1791
1373184750 0
1373184756 0
1373184764 0
1373184772 0
1373184778 0
1373184786 0
1373184793 1
1373184801 1
1373184809 0
1373184817 0
1373184824 1790
1373184832 0
1373184838 0
1373184846 0
1373184854 0
1373184861 0
1373184869 0
1373184875 0
1373184881 1
1373184887 0
1373184893 1
1373184899 1780
1373184907 0
1373184915 0
1373184921 0
1373184928 0
1373184936 510
1373184943 1786
1373184949 1787
1373184956 0
1373184962 0
1373184968 1788
1373184974 1791
1373184980 1794
1373184988 0
1373184994 0
1373185002 0
1373185009 0
1373185017 1784
1373185023 1786
1373185030 1782
1373185038 0
1373185044 0
1373185052 0
1373185059 0
1373185066 0
1373185072 0
1373185078 1779
1373185084 1794
1373185090 1781
1373185096 0
1373185104 0
1373185110 0
1373185116 1806
1373185124 0
1373185131 0
1373185136 0
1373185144 0
1373185150 1806
1373185156 0
1373185164 0
1373185172 0
1373185180 1
1373185188 1807
1373185194 0
1373185200 0
1373185207 0
1373185213 0
1373185221 0
1373185229 0
1373185236 0
1373185244 0
1373185251 1805
1373185258 0
1373185266 0
1373185274 0
1373198835 325
1373198842 1775
1373198849 1780
1373198855 1790
1373198861 1779
1373198868 1767
1373198874 1773
1373198881 0
1373198889 0
1373198896 0
1373198904 0
1373198912 1757
1373198918 1776
1373198924 0
1373198932 0
1373198939 0
1373198947 0
1373198955 0
1373198961 1776
1373198967 1771
1373198975 0
1373198981 0
1373198988 0
1373198996 0
1373199004 0
1373199011 0
1373199020 1560
1373199027 1779
1373199034 0
1373199042 0
1373199049 0
1373199057 0
1373199065 1
1373199072 0
1373199080 0
1373199088 1338
1373199094 1760
1373199102 0
1373199115 0
1373199123 0
1373199130 0
1373199136 0
1373199143 1764
1373199150 0
1373199158 0
1373199165 0
1373199173 0
1373199179 1
1373199185 1751
1373199191 0
1373199198 0
1373199205 0
1373199213 0
1373199221 0
1373199229 0
1373199236 0
1373199244 0
1373199252 0
1373199259 0
1373199267 0
1373199274 0
1373199282 0
1373199290 0
1373199296 1759
1373199303 0
1373199311 0
1373199319 0
1373199326 0
1373199332 0
1373199340 0
1373199348 0
1373199354 0
1373199361 0
1373199369 0
1373199377 0
1373199385 0
1373199393 0
1373199400 0
1373199408 0
1373199416 0
1373199423 0
1373199432 0
1373199438 0
1373199446 1754
1373199452 1755
1373199459 0
1373199467 0
1373199475 0
1373199482 0
1373199490 0
1373199498 0
1373199505 0
1373199513 0
1373199521 0
1373199528 0
1373199536 0
1373199544 0
1373199551 0
1373199559 0
1373199566 0
1373199574 0
1375858272 342
1375858280 1809
1375858286 1800
1375858292 1796
1375858298 1781
1375858304 1791
1375858311 1791
1375858317 1796
1375858323 0
1375858329 0
1375858335 0
1375858344 0
1375858349 1788
1375858357 0
1375858365 0
1375858372 0
1375858378 0
1375858386 0
1375858393 0
1375858401 0
1376678701 0
1376678707 1772
1376678715 1770
1376678721 1767
1376678729 0
1376678737 0
1376678745 0
1376678752 0
1376678760 0
1376678767 0
1376678775 0
1376678781 0
1376678787 0
1376678794 0
1376678802 0
1376678810 0
1376678818 0
1376678825 0
1376678833 0
1376678839 1
1376678847 1753
1376678855 0
1376678862 1
1376678870 0
1376678878 0
1376678885 0
1376678893 0
1376678899 0
1376678905 0
1376678913 0
1376678920 0
1376678928 0
1376678934 0
1376678948 1777
1376678956 0
1376678963 0
1376678970 0
1376678977 0
1376678985 0
1376678991 0
1376678998 1
1376679006 0
1376679012 0
1376679019 502
1376679027 693
1376679034 0
1376679042 0
1376679050 0
1376679057 0
1376679066 0
1376679073 1
1376679081 0
1376679089 0
1376679096 0
1376679104 0
1376679111 1313
1376679118 1787
1376679126 0
1376679133 0
1376679141 0
1376679148 0
1376679156 0
1376679164 0
1376679171 1
1376679179 0
1376679187 1761
1376679194 0
1376679200 0
1376679206 0
1376679213 0
1376679221 0
1376679228 0
1376679236 0
1376679243 0
1376679251 0
1376679258 0
1376679266 4
1376679274 1796
1376679281 0
1376679288 0
1376679295 1
1376679303 0
1376679311 0
1376679318 0
1376679325 0
1376679332 0
1376679338 1766
1376679346 0
1376679354 0
1376679361 0
1376679369 0
1376679377 0
1376679384 0
1376679391 0
1376679399 0
1376679406 0
1376679412 1772
1376679420 0
1376679428 0
1376679435 1
1376679443 0
1376679451 0
1376679458 0
1376679466 0
1376679472 1771
1376679479 0
1376679487 0
1376679495 0
1376679502 0
1376679510 1
1376679518 0
1376679525 0
1376679533 0
1376679540 0
1376679548 0
1376679555 1
1376679563 0
1376679570 0
1376679583 1734
1376679586 147
1376679599 0
1376679609 0
1376679615 0
1376679623 0
1376679629 0
1376679635 0
1376679643 0
1376679650 1
1376679658 1771
1376679666 0
1376679673 0
1376679681 0
1376679689 0
1376679697 0
1376679704 0
1376679712 0
1376679719 0
1376679727 0
1376679733 0
1376679740 0
1376679748 0
1376679756 1
1376679762 1
1376679768 1
1376679776 1769
1376679782 0
1376679789 0
1376679797 0
1376679805 0
1376679812 1
1376679818 0
1376679826 1
1376679833 1785
1376679842 0
1376679849 0
1376679856 0
1376679864 0
1376679871 0
1376679879 0
1376679886 0
1376679894 0
1376679901 0
1376679909 0
1376679917 0
1376679923 0
1376679930 0
1376679938 0
1376679946 0
1376679952 0
1376679959 0
1376679965 1769
1376679973 0
1376679980 0
1376679988 0
1376679996 0
1376680003 0
1376680011 0
1376680018 0
1376680024 0
1376680032 0
1376680040 0
1376680047 0
1376680054 0
1376680062 0
1376680070 0
1376680076 0
1376680083 0
1376680091 0
1376680099 0
1376680106 0
1376680114 0
1376680121 0
1376680129 0
1376680137 0
1376680144 0
1376680152 0
1376680160 0
1376680167 0
1376680173 1769
1376680180 1758
1376680186 0
1376680193 0
1376680201 0
1376680207 0
1376680213 0
1376680219 0
1376680225 0
1376680232 0
1376680238 0
1376680244 0
1376680250 0
1376680257 0
1376680263 0
1376680269 0
1376680275 0
1376680281 0
1376680288 0
1376680294 1
1376680300 0
1376680306 0
1376680312 0
1376680321 0
1376680328 0
1376680335 0
1376680341 0
1376680347 0
1376680354 0
1376680361 0
1376680369 0
1376680377 0
1376680384 0
1376680392 0
1376680400 0
1376680408 0
1376680415 0
1376680423 1762
1376680429 645
1376680437 0
1376680443 0
1376680449 0
1376680456 0
1376680464 0
1376680471 0
1376680479 0
1376680487 0
1376680499 1
1376680502 0
1376680509 0
1376680517 0
1376680523 0
1376680531 0
1376680538 0
1376680546 0
1376680553 0
1376680561 0
1376680569 0
1376680577 0
1376680584 0
1376680592 0
1376680599 0
1376680607 0
1376680615 0
1376680623 0
1376680630 0
1376680638 0
1376680645 0
1376680653 0
1376680660 1795
1376680668 0
1376680676 0
1376680683 0
1376680691 0
1376680699 0
1376680706 0
1376680714 0
1376680721 0
1376680729 0
1376680736 0
1376680744 0
1376680751 0
1376680759 0
1376680767 0
1376680774 0
1376680782 0
1376680790 0
1376680797 0
1376680804 0
1376680812 0
1376680819 0
1376680827 0
1376680834 0
1376680841 0
1376680849 0
1376680857 0
1376680865 0
1376680872 0
1376680880 0
1376680888 0
1376680895 0
1376680903 1781
1376680910 0
1376680918 0
1376680926 0
1376680934 0
1376680941 0
1376680949 0
1376680956 1
1376680964 0
1376680971 0
1376680977 1778
1376680984 1765
1376680991 716
1376680999 0
1376681006 0
1376681014 0
1376681021 0
1376681041 0
1376681049 0
1376681057 0
1376681065 0
1376681073 0
1376681080 0
1376681086 1609
1376681094 1767
1376681102 0
1376681110 0
1376681117 0
1376681124 0
1376681132 1
1376681140 0
1376681146 0
1376681154 1553
1376681160 1779
1376681167 336
1376681174 1791
1376681181 0
1376681189 1796
1376681195 1779
1376681201 1781
1376681208 0
1376681216 1773
1376681223 1774
1376681230 1763
1376681237 0
1376681245 1792
1376681253 1759
1376681260 0
1376681268 1
1376681274 1776
1376681280 1762
1376681287 1774
1376681295 3
1376681301 1789
1376681308 1786
1376681316 0
1376681323 0
1376681331 3303
1376681338 0
1376681346 0
1376681354 0
1376681360 1761
1376681366 1761
1376681373 36
1376681381 4
1376681387 1777
1376681393 1776
1376681399 1779
1376681406 0
1376681412 1784
1376681420 0
1376681427 0
1376681435 0
1376681441 1771
1376681447 1786
1376681453 1787
1376681461 0
1376681469 0
1376681477 0
1376681485 1
1376681491 1732
1376681497 1757
1376681505 0
1376681511 1738
1376681517 1733
1376681523 0
1376681530 0
1376681537 0
1376681543 1771
1376681550 264
1376681557 0
1376681565 0
1376681572 0
1376681580 0
1376681588 0
1376681596 1
1376681604 0
1376681611 0
1376681619 1
1376681625 0
1376681633 1
1376681639 1771
1376681645 1774
1376681653 0
1376681660 0
1376681668 0
1376681674 0
1376681682 0
1376681689 0
1376681697 1
1376681703 1778
1376681709 1777
1376681717 0
1376681725 0
1376681732 0
1376681740 0
1376681747 0
1376681755 0
1376681762 0
1379750909 418
1379750912 1777
1379750918 1782
1379750924 1774
1379750930 1797
1379750936 1775
1379750942 1776
1379750948 1762
1379750955 1745
1379750961 0
1379750969 0
1379750976 1
1379750983 1
1379750991 0
1379750998 0
1379751005 0
1379751013 0
1379751019 0
1379751027 0
1379751034 0
1379751042 0
1379751049 0
1379751057 0
1379751064 0
1379751072 5
1379751078 1754
1379751084 0
1379751091 0
1379751099 0
1379751106 0
1379751114 1792
1379751121 0
1379751128 0
1379751136 0
1379751144 1769
1379751150 0
1379751158 0
1379751165 0
1379751172 0
1379751180 0
1379751187 0
1379751193 0
1379751201 1786
1379751207 1782
1379751213 0
1379751221 0
1379751227 1767
1379751233 1774
1379751240 395
1379751248 0
1379751254 0
1379751260 1786
1379751267 1773
1379751274 0
1379751280 1776
1379751286 1771
1379751293 0
1379751300 1741
1379751308 1770
1379751315 0
1379751322 0
1379751329 0
1379751335 1779
1379751342 1778
1379751349 0
1379751357 0
1379751364 0
1379751372 0
1379751378 1765
1379751385 1761
1379751391 1781
1379751398 1760
1379751405 0
1379751412 1
1379751424 141
1379751433 0
1379751440 0
1379751453 0
1379751462 1789
1379751468 0
1379751474 0
1379751480 1726
1379751486 1737
1379751493 0
1379751501 0
1379751508 1
1379751516 12
1379751522 1745
1379751529 0
1379751537 0
1379751545 1766
1379751552 1774
1379751559 0
1379751565 0
1379751573 0
1379751579 1785
1379751586 0
1379751594 0
1379751601 484
1379751609 1776
1379751616 0
1379751624 0
1379751631 1778
1379751639 1786
1379751646 0
1379751654 0
1379751660 1789
1379751667 1781
1379751675 0
1379751681 0
1379751688 0
1379751695 1784
1379751702 0
1379751710 0
1379751717 0
1379751725 1781
1379751731 0
1379751737 0
1379751745 0
1379751752 0
1379751758 1781
1379751765 1784
1379751772 0
1379751780 0
1379751787 0
1379751795 0
1379751802 0
1379751809 1789
1379751815 1781
1379751821 0
1379751827 0
1379751834 0
1379751842 0
1379751849 0
1379751857 0
1379751864 1
1379751872 0
1379751879 0
1379751886 0
1379751894 0
1379751901 0
1379751909 1776
1379751915 1792
1379751921 0
1379751929 3
1379751935 1776
1379751941 0
1379751947 0
1379751955 1794
1379751961 1772
1379751969 0
1379751976 0
1379751983 1
1379751996 1781
1379751999 1781
1379752006 0
1379752013 0
1379752021 0
1379752029 0
1379752036 1
1379752042 1738
1379752050 0
1379752057 0
1379752064 0
1379752072 1756
1379752078 1747
1379752086 0
1379752093 1759
1379752100 1746
1379752108 0
1379752114 0
1379752120 1759
1379752127 1748
1379752133 0
1379752140 1
1379752146 1754
1379752152 1757
1379752159 0
1379752167 1793
1379752173 573
1379752180 0
1379752189 1773
1379752195 1784
1379752202 0
1379752209 0
1379752217 0
1379752224 1767
1379752232 0
1379752239 0
1379752247 0
1379752254 1785
1379752260 1783
1379752268 0
1379752275 0
1379752282 0
1379752288 1786
1379752295 1764
1379752302 0
1379752308 0
1379752316 0
1379752324 1782
1379752330 0
1379752337 0
1379752345 1
1379752352 0
1379752360 0
1379752367 0
1379752374 0
1380010216 0
1380010222 1815
1380010228 1814
1380010235 1806
1380010241 1806
1380010249 1798
1380010256 0
1380010264 0
1380010271 1
1380010277 0
1380010284 0
1380010292 0
1380010299 0
1380010307 0
1380010314 0
1380010322 0
1380010329 0
1380010337 0
1380010344 1
1380010352 1792
1380010359 0
1380010366 0
1380010374 0
1380010381 1
1380010387 1812
1380010394 1805
1380010400 1
1380010406 1
1380010413 0
1380010421 1735
1380010428 1805
1380010434 0
1380010442 0
1380010449 0
1380010457 0
1380010463 1809
1380010469 1816
1380010477 0
1380010484 0
1380010491 524
1380010499 1832
1380010506 0
1380010512 0
1380784979 340
1380784983 1814
1380784989 1805
1380784996 1812
1380785002 1798
1380785009 1813
1380785016 0
1380785023 0
1380785031 0
1380785038 0
1380785046 1792
1380785053 1798
1380785060 0
1380785069 1
1380785076 1792
1380785083 0
1380785090 0
1380785098 524
1380785106 1795
1380785113 0
1380785120 0
1380785128 1
1380785136 0
1380970689 351
1380970697 1760
1380970703 1754
1380970710 1763
1380970716 1740
1380970722 1740
1380970730 0
1380970738 0
1380970744 0
1380970750 0
1380970757 0
1380970765 1741
1380970770 1750
1380970778 0
1380970785 0
1380970793 0
1380970800 1040
1382341619 0
1382341625 1813
1382341631 1809
1382341637 1805
1382341643 1781
1382341650 1777
1382341656 1793
1382341662 1791
1382341668 0
1382341675 0
1382341682 0
1382341688 0
1382341696 0
1382341702 0
1382341709 0
1382341717 0
1382341724 0
1382341732 0
1382341739 0
1382341747 1786
1382341753 0
1382341760 0
1382341768 0
1382341775 0
1382341783 0
1382341789 0
1382341795 0
1382341803 1778
1382341809 1771
1382341817 0
1382341824 0
1382341832 0
1382341839 0
1382341847 0
1382341854 0
1382341860 1772
1382341868 1772
1382341876 146
1382341883 0
1382341891 0
1382341897 0
1382341903 0
1382341910 0
1382341918 1770
1382341926 1757
1382341934 0
1382341941 0
1382341948 0
1382341955 1741
1382341961 1748
1382341967 0
1382341973 0
1382341981 0
1382341989 1
1382341995 1732
1382342002 0
1382342008 0
1382342016 0
1382342023 0
1382342031 0
1382342039 0
1382342045 1
1382342051 1759
1382342058 0
1382342064 0
1382342072 0
1382342080 0
1382342086 6
1382342092 1764
1382342100 0
1382342106 0
1382342112 0
1382342119 0
1382342125 1761
1382342132 1767
1382342383 0
1382342391 1754
1382342397 1765
1382342403 1754
1382342411 0
1382342417 0
1382342423 0
1382342431 0
1382342437 0
1382342445 1749
1382342452 1736
1382342460 0
1382342467 0
1382342473 0
1382342479 525
1382342486 1754
1382342492 566
1382342498 0
1382342505 0
1382342513 0
1382342521 0
1382948747 372
1382948755 1820
1382948763 1810
1382948769 1818
1382948775 1797
1382948781 1799
1382948789 0
1382948795 0
1382948803 1
1382948811 0
1382948818 1751
1382948824 1783
1382948832 0
1382948840 0
1382948847 0
1382948855 0
1382948861 1
1382948867 1793
1382948875 0
1382948883 0
1382948890 0
1382948897 0
1382948903 0
1382948911 0
1382948918 1796
1382948925 0
1382948931 0
1382948937 0
1382948945 0
1382948952 1
1382948960 1798
1382948968 0
1382948975 0
1382948983 0
1383131088 430
1383131091 430
1383131099 1834
1383131104 1821
1383131110 1815
1383131118 1799
1383131126 0
1383131133 0
1383131141 0
1383131149 0
1383131156 0
1383131164 0
1383131171 0
1383131179 0
1383131187 0
1383131194 1804
1383131202 0
1383131210 0
1383131217 0
1383131223 0
1383131231 0
1383131239 0
1383131246 0
1383131254 0
1383131262 1
1383131269 0
1383131277 0
1383131283 0
1383131291 0
1383131299 512
1383131305 1809
1383131311 0
1383131318 0
1383131324 0
1383131332 0
1383131340 0
1383131346 0
1383131353 0
1383131361 0
1383131367 0
1383131374 0
1383131383 0
1383131390 0
1383131398 2
1383131404 296
1383131412 0
1383131420 0
1383131428 0
1383131434 0
1383131442 0
1383131449 0
1383131457 0
1383131463 0
1383131471 0
1383131477 0
1383131485 0
1383131492 0
1383131500 0
1383131508 0
1383131516 0
1383131522 0
1383131528 0
1383131536 0
1383131544 0
1383131550 1789
1383131558 1805
1383131564 0
1383131570 0
1383131578 0
1383131585 0
1383131591 0
1383131599 0
1383131607 0
1383131613 0
1383131620 0
1383131628 0
1383131636 0
1383131643 0
1383131650 0
1383131657 0
1383131665 1
1383131673 0
1383131680 0
1383131688 0
1383131695 0
1383131702 1816
1383131710 0
1383131717 0
1383131723 0
1383131731 0
1383131738 0
1383131746 0
1383131752 0
1383131760 0
1383131768 0
1383131776 0
1383131784 0
1383131790 0
1383131796 0
1383131804 0
1383131811 0
1383131819 0
1383131825 0
1383131833 0
1383131841 0
1383131848 0
1383131856 0
1383131862 1798
1383131869 0
1383131877 0
1383131883 0
1383131889 0
1383131897 0
1383131905 0
1383131913 0
1383131920 0
1383131928 1
1383131936 0
1383131943 0
1383131951 0
1383131957 0
1383131964 0
1383131972 0
1383131980 0
1383131987 0
1383131995 0
1383132001 0
1383132009 1791
1383132017 1817
1383132024 0
1383132032 0
1383132040 0
1383132047 0
1383132054 0
1383132062 0
1383132070 0
1383132077 0
1383132085 0
1383132093 0
1383132101 0
1383132108 0
1383132116 0
1385154956 0
1385154962 1709
1385154968 1714
1385154975 1692
1385154981 1691
1385154987 1702
1385154993 1717
1385155001 0
1385155007 1705
1385155015 0
1385155023 0
1385155030 0
1385155036 1612
1385155048 0
1385155054 0
1385155062 0
1385155069 0
1385155075 0
1385155083 1710
1385155089 1724
1385155097 0
1385155105 1
1385155113 0
1385155120 1
1385155126 1719
1385155132 0
1385155138 0
1385155144 0
1385155152 0
1385155160 1717
1385155166 1703
1385155173 0
1385155181 0
1385155184 0
1387187378 0
1387187382 4
1387187386 1801
1387187393 1804
1387187400 1826
1387187406 1818
1387187413 1811
1387187419 1815
1387187425 1798
1387187431 0
1387187438 0
1387187444 0
1387187450 0
1387187456 1
1387187464 0
1387187469 0
1387187476 0
1387187483 0
1387187489 0
1387187495 0
1387187502 0
1387187508 1814
1387187514 1809
1387187520 0
1387187526 0
1387187532 1
1387187539 0
1387187545 0
1387187551 1811
1387187558 0
1387187564 0
1387187570 0
1387187576 0
1387187582 2
1387187589 1816
1387187595 0
1387187602 0
1387187608 0
1387187614 0
1387187620 0
1387187626 3
1387187633 108
1387187639 0
1387187645 0
1387187651 0
1387187657 0
1387187663 1
1387187670 1816
1387187676 1795
1387187682 0
1387187689 0
1387187700 0
1387187708 1802
1387187714 0
1387187720 0
1387187727 0
1387187733 0
1387187740 0
1387187746 0
1387187753 0
1387187759 0
1387187765 1792
1387187771 0
1387187778 0
1387187784 0
1387187790 0
1387187797 6
1387187803 1812
1387187810 0
1387187816 0
1387187822 0
1387187828 2
1387187835 1819
1387187841 0
1387187847 0
1387187854 0
1387187860 0
1387187866 0
1387187873 529
1387187879 1809
1387187886 0
1387187892 0
1387187899 0
1387187905 0
1387187911 0
1387187918 0
1387187924 5
1387187930 1830
1387187937 0
1387187943 0
1387187949 0
1387187955 0
1387187962 0
1387187968 1
1387187974 1814
1387187980 0
1387187987 0
1387187993 0
1387187999 0
1387188005 1
1387188012 0
1387188018 1670
1387188025 1797
1387188031 0
1387188038 0
1387188043 0
1387188049 0
1387188055 0
1387188062 0
1387188068 0
1387188075 0
1387366190 0
1387366193 831
1387366199 1829
1387366205 1839
1387366212 1836
1387366219 1798
1387366227 1829
1387366233 1087
1387366240 0
1387366246 0
1387366252 0
1387366260 0
1387366268 1
1387366276 1818
1387366284 0
1387366290 0
1387366296 0
1387366302 1814
1387366309 1805
1387366315 0
1387366322 0
1387366330 0
1387366338 0
1387366346 477
1387366352 613
1387366360 0
1387366368 0
1387366376 0
1387366383 2
1387366389 1813
1387366397 0
1387366405 0
1387366413 0
1387366421 0
1387366427 1822
1387366433 0
1387366441 0
1387366449 0
1387366457 1821
1387366465 1815
1387366472 0
1387366480 0
1387366488 533
1387366494 1800
1387366502 0
1387366510 0
1387366518 0
1387366526 0
1387366533 0
1387366542 1831
1387366548 0
1387366556 0
1387366562 0
1387366570 0
1387366576 1
1387366582 1810
1387366590 0
1387366598 0
1387366604 0
1387366612 1
1387366618 1823
1387366624 0
1387366631 0
1387366638 0
1387366646 0
1387366652 1815
1387366660 0
1387366668 0
1387366675 0
1387366683 0
1387366689 517
1387366695 1789
1387366702 0
1387366708 0
1387366715 0
1387366723 0
1395560753 1811
1395560759 1795
1395560766 1785
1395560772 1770
1395560780 1788
1395560786 1778
1395560793 127
1395560800 0
1395560808 0
1395560814 0
1395560822 0
1395560829 0
1395560837 0
1395560845 0
1395560853 0
1395560861 0
1395560868 1787
1395560874 0
1395560881 0
1395560889 0
1395560896 0
1395560904 0
1395560912 0
1395560920 0
1395560926 0
1395560934 0
1395560941 0
1395560949 0
1395560957 0
1395560965 0
1395560973 1796
1395560980 0
1395560989 0
1395560995 0
1395561002 0
1395561010 0
1395561016 0
1395561024 0
1395561030 0
1395561037 0
1395561044 0
1401691519 0
1401691527 1811
1401691534 1809
1401691541 1824
1401691548 1828
1401691555 1800
1401691562 1796
1401691568 0
1401691574 0
1401691581 0
1401691588 0
1401691595 0
1401691601 0
1401691608 0
1401691614 0
1401691621 0
1401691628 1849
1401691635 1835
1401691641 1
1401691648 0
1401691654 0
1401691661 0
1401691667 0
1401691674 0
1401691681 0
1401691688 31
1401691695 1787
1401691701 0
1401691708 0
1401691715 0
1401691721 0
1401691728 0
1401691734 464
1401691741 1789
1401691748 0
1401691755 0
1401691762 1
1401691768 0
1401691775 0
1401691782 0
1401691788 1
1401691795 1810
1401691801 0
1401691807 0
1401691814 0
1401691820 0
1401691828 0
1401691835 1836
1401691841 0
1401691848 0
1401691855 0
1401691861 0
1401691868 1817
1401691875 1827
1401691881 0
1401691888 0
1401691894 0
1401691900 1827
1401691907 987
1401691914 0
1401691920 1
1401691927 1847
1401691934 1847
1401691940 0
1401691947 1
1401691954 1855
1401691960 0
1401691966 0
1401691973 0
1401691980 512
1401691986 1858
1401691993 0
1401691999 0
1401692006 0
1401692013 1860
1401692019 0
1401692026 0
1401692032 0
1401692039 0
1401692046 1858
1401692053 1838
1401692060 0
1401692066 0
1401692072 0
1401692079 0
1401692085 1
1401692092 0
1401692099 0
1401692106 1835
1401692112 1841
1401692118 0
1401692125 0
1401692132 0
1401692139 1849
1401692145 0
1401692152 0
1401692159 0
1401692165 0
1401692172 0
1401692179 0
1401692185 0
1401692192 0
1401692198 0
1401692205 1
1401692212 1
1401692218 0
1401692225 0
1401692232 0
1401692239 0
1401692245 0
1401692252 0
1401692258 0
1401692264 738
1401692271 1846
1401692278 0
1401692284 0
1401692291 501
1401692298 1857
1401692305 0
1401692311 0
1401692318 1
1401692324 0
1401692331 0
1401692337 0
1401692344 0
1401692350 0
1401692357 0
1401692363 0
1401692370 0
1401692377 1
1401692384 1821
1401692390 0
1401692398 0
1401692404 0
1401692411 0
1401692417 0
1401692423 489
1401692429 1818
1401692436 1813
1401692443 0
1401692449 0
1401692456 1
1401692462 1
1401692470 1802
1401692476 1797
1401692483 0
1401692489 2
1401692496 1817
1401692503 0
1401692509 0
1401692516 0
1401692522 0
1401692528 1810
1401692535 1804
1401692542 0
1401692548 0
1401692554 453
1401692560 1797
1401692566 1821
1401692573 0
1401692579 1827
1401692586 1823
1401692592 0
1401692599 0
1401692606 0
1401692613 1
1401692619 1847
1401692625 1851
1401692632 0
1401692638 1
1401692645 1839
1401692652 0
1401692659 0
1401692666 1798
1401692673 1815
1401692680 0
1401692686 0
1401692693 0
1401692699 1830
1401692706 1819
1401692713 0
1401692720 0
1401692726 0
1401692733 5
1401692740 1825
1401692747 0
1401692754 0
1401692760 0
1401692767 0
1401692774 0
1401692780 0
1401692787 0
1401692793 1
1401692800 1786
1401692806 1821
1401692813 0
1401692820 0
1401692825 0
1401692832 0
1401692839 0
1401692845 1
1401692852 1820
1401692859 0
1401692865 0
1401692872 0
1401692878 0
1401692885 0
1401692892 0
1401692898 0
1401692905 0
1401692911 0
1401692918 0
1401692995 336
1401692998 1837
1401693007 1840
1401693014 1813
1401693021 0
1401693027 0
1401693034 0
1401693040 0
1401693047 0
1401693054 0
1401693060 0
1401693067 0
1401693073 0
1401693080 1
1401693087 1
1401693093 0
1401693100 0
1401693106 0
1401693113 4
1401693120 1829
1401693126 994
1401693133 0
1401693140 0
1401693146 0
1401693153 1847
1401693158 446
1401693165 0
1401693172 0
1401693179 1
1401693185 0
1401693192 1
1401693199 0
1401693205 0
1401693212 0
1401693218 0
1401693221 0
1402407567 0
1402407576 0
1402407582 0
1402407588 0
1402407594 0
1402407601 0
1402407607 0
1402407613 0
1402407619 0
1402407626 0
1402407632 0
1402407638 0
1402407644 0
1402407651 0
1402407657 0
1402407663 0
1402407669 0
1402407675 0
1402407682 0
1402407688 0
1402407694 0
1402407700 0
1402407706 0
1402407712 0
1402407719 0
1402407725 0
1402407731 0
1402407738 0
1402407744 0
1402407750 0
1402407757 0
1402407763 0
1402407769 0
1402407776 0
1402407782 0
1402407788 0
1402407795 0
1402407801 0
1402407807 0
1402407814 0
1402407820 0
1402407826 0
1402407832 0
1402407839 0
1402407845 0
1402407851 0
1402407857 0
1402407863 0
1402407870 0
1402407876 0
1402407882 0
1402407888 0
1402407895 0
1402407901 0
1402407907 0
1402407914 0
1402407917 503
1402407920 503
1402407927 1835
1402407933 1803
1402407939 1816
1402407946 1794
1402407952 1813
1402407959 1168
1402407965 0
1402407972 0
1402407978 1
1402407985 0
1402407991 0
1402407997 0
1402408004 0
1402408010 0
1402408016 0
1402408022 0
1402408028 1801
1402408035 0
1402408041 0
1402408048 0
1402408055 0
1402408061 0
1402408067 1
1402408073 0
1402408079 0
1402408086 0
1402408092 0
1402408098 0
1402408104 0
1402408110 0
1402408117 0
1402408123 0
1402408129 0
1402408135 8
1402408141 1790
1402408148 0
1402408154 0
1402408160 0
1402408167 0
1402408174 0
1402408180 0
1402408187 0
1404110526 0
1404110529 2
1404110535 1827
1404110541 1832
1404110548 1829
1404110554 1825
1404110560 1825
1404110566 1816
1404110573 0
1404110581 0
1404110587 0
1404110595 0
1404110602 0
1404110610 0
1404110617 0
1404110623 0
1404110631 0
1404110639 0
1404110645 1805
1404110653 0
1404110660 0
1404110668 1
1404110676 0
1404110682 1791
1404110689 1801
1404110697 0
1404110703 0
1404110709 1
1404110715 1812
1404110723 1799
1404110731 0
1404110739 0
1404110745 1802
1404110752 1785
1404110760 0
1404110767 0
1404110775 0
1404110782 1796
1404110790 0
1404110798 0
1404110804 0
1404110811 6
1404110819 1797
1404110826 0
1404110833 0
1404110841 0
1404110848 0
1404110855 0
1404110861 0
1404110869 0
1404110877 524
1404110883 1826
1404110890 0
1404110896 0
1404110904 0
1404110911 3
1404110917 1842
1404110925 0
1404110932 0
1404110940 1829
1404110946 1816
1404110954 0
1404110960 0
1404110966 0
1404110972 5
1404110979 1768
1404110985 0
1404110992 0
1404111001 0
1404111008 0
1405315766 323
1405315772 1787
1405315779 1788
1405315787 1765
1405315794 1773
1405315801 1778
1405315807 1769
1405315814 0
1405315821 0
1405315827 0
1405315838 0
1405315844 0
1405315852 1
1405315859 1783
1405315865 0
1405315871 0
1405315878 0
1405315884 0
1405315890 1
1405315897 1775
1405315903 0
1405315909 0
1405315916 0
1405315927 0
1405315935 0
1405315941 1762
1405315947 1743
1405315953 0
1405315960 0
1405315966 0
1405315972 0
1405315978 0
1405315984 0
1405315990 0
1405315997 1
1405316003 0
1405316010 1
1405316016 1740
1405316022 1749
1405316028 0
1405316035 0
1405316041 0
1405316047 2
1405316054 1743
1405316060 0
1405316067 0
1405316073 0
1405316079 0
1405316085 0
1405316092 1754
1405316098 858
1405316104 0
1405316122 0
1405316129 1
1405316136 2
1405316142 1757
1405316148 57
1406832369 4
1406832372 1803
1406832379 1817
1406832385 1814
1406832391 1814
1406832397 1816
1406832403 1797
1406832409 71
1406832418 0
1406832426 0
1406832434 0
1406832440 0
1406832446 0
1406832452 0
1406832459 1
1406832467 0
1406832475 1
1406832481 1800
1406832488 1812
1406832494 0
1406832501 0
1406832509 0
1406832517 0
1406832525 0
1406832533 0
1406832540 1
1406832547 1798
1406832554 0
1406832561 0
1406832567 0
1406832573 1805
1406832580 1813
1406832587 0
1406832596 0
1406832602 0
1406832609 0
1406832617 1
1406832623 1819
1406832631 0
1406832640 0
1406832648 0
1409395783 36
1409395787 1839
1409395794 1819
1409395800 1811
1409395807 1807
1409395813 1798
1409395819 1808
1409395826 30
1409395832 0
1409395839 0
1409395846 1
1409395853 0
1409395860 0
1409395866 0
1409395873 1
1409395879 0
1409395886 0
1409395892 0
1409395899 0
1409395906 0
1409395912 0
1409395919 1819
1409395925 0
1409395932 0
1409395938 0
1409395945 0
1409395952 0
1409395958 0
1409395965 0
1409395971 0
1409395977 0
1409395984 0
1409395991 0
1409395997 0
1409396004 1
1409396011 0
1409396017 0
1409396023 0
1409396030 0
1409396037 1808
1409396043 892
1409396050 0
1409396057 0
1409396063 0
1409396070 0
1409396076 1
1409396082 0
1409396089 1
1409396095 0
1409396102 1
1409396108 5
1409396115 1800
1409396121 0
1409396128 0
1409396135 1802
1409396141 1794
1409396148 0
1409396154 0
1409396160 0
1409396167 1792
1409396173 1804
1409396179 0
1409396186 0
1409396193 0
1409396199 1
1409396206 1791
1409396212 27
1409396219 0
1409396225 0
1409396231 0
1409396238 1787
1409396245 1800
1409396251 0
1409396258 1
1409396264 1
1409396271 0
1409396277 0
1409396284 0
1409396290 0
1409396296 0
1409396303 1803
1409396309 0
1409396316 0
1409396322 0
1409396329 0
1409396336 3
1409396343 1809
1409396349 1811
1409396355 1
1409396362 0
1409396369 0
1409396375 0
1409396382 1794
1409396389 1787
1409396395 0
1409396402 0
1409396408 0
1409396414 0
1409396421 0
1409396428 1814
1409396434 1776
1409396441 0
1409396447 0
1409396454 1800
1409396460 1791
1409396467 0
1409396473 0
1409396480 1799
1409396486 1813
1409396492 1763
1409396499 0
1409396505 0
1409396511 0
1409396518 1382
1409396524 1808
1409396531 1809
1409396537 1810
1409396544 489
1409396552 1795
1409396558 696
1409396565 3
1409396572 1780
1409396579 0
1409396586 0
1409396592 0
1409396599 0
1409396605 1811
1409396611 1803
1409396618 0
1409396625 0
1409396631 0
1409396638 0
1409396644 0
1409396651 0
1409396657 0
1409396664 0
1409396670 532
1409396676 678
1409396683 518
1409396690 1823
1409396697 1817
1409396704 0
1409396710 0
1409396717 0
1409396724 0
1409396730 0
1409396737 0
1409396743 0
1409396750 0
1409396756 0
1409396762 1
1409396769 1800
1409396775 1816
1409396782 0
1409396788 0
1409396795 0
1409396802 0
1409396808 1
1427571221 0
1427571227 1758
1427571233 1758
1427571239 1742
1427571245 1751
1427571253 1753
1427571259 1746
1427571265 1730
1427571272 0
1427571278 0
1427571285 0
1427571293 1785
1427571299 1763
1427571305 0
1427571312 0
1427571318 0
1427571324 1784
1427571332 1778
1427571339 0
1427571347 0
1427571355 0
1427571361 1801
1427571368 1797
1427571375 0
1427571382 0
1427571388 0
1427571394 1774
1427571400 1779
1427571408 0
1427571416 0
1427571423 0
1427571431 1796
1427571438 1780
1427571445 0
1427571451 0
1427571458 1774
1427571466 0
1427571474 0
1427571481 0
1427571489 0
1427571496 1772
1427571503 172
1427571509 0
1427571517 0
1427571524 0
1427571530 0
1427571538 0
1427571546 0
1427571554 0
1427571561 0
1427571569 1747
1427571576 0
1427571582 0
1427571588 0
1427571596 0
1427571603 0
1427571612 0
1427571619 0
1427571627 480
1427571633 1775
1427571639 0
1427571647 0
1427571655 0
1427571662 0
1427571668 0
1427571676 1774
1427571681 0
1434180040 0
1434180047 0
1434180052 0
1434180059 0
1434180065 0
1434180071 0
1434180077 0
1434180083 0
1434180091 0
1434180098 0
1434180101 4
1434180105 1841
1434180111 1844
1434180117 1844
1434180123 1819
1434180130 1835
1434180137 1818
1434180146 0
1434180153 0
1434180159 0
1434180166 0
1434180172 0
1434180178 0
1434180186 0
1434180193 1829
1434180201 1072
1434180207 0
1434180213 1
1434180221 0
1434180227 0
1434180235 513
1434180242 1811
1434180250 0
1434180258 0
1434180263 0
1434180271 0
1434180278 0
1434180286 0
1434180292 0
1434180299 0
1434180307 1808
1434180314 1802
1434180320 0
1434180328 1
1434180334 518
1434180341 1797
1434180349 0
1434180357 0
1434180363 1812
1434180371 1819
1434180377 0
1434180385 1
1434180391 1802
1434180397 1813
1434180404 0
1434180412 1
1434180420 1834
1434180426 0
1434180434 0
1434180440 1795
1434180448 1804
1434180455 0
1434180462 1
1434180467 1826
1434180475 0
1434180482 0
1434180489 1818
1434180495 1824
1434180501 0
1434180508 0
1434180514 1
1434180522 1834
1434180528 0
1434180534 0
1434180542 0
1434180549 0
1435298669 306
1435298674 1829
1435298681 1799
1435298688 1818
1435298694 1808
1435298700 1794
1435298706 1795
1435298713 1789
1435298719 0
1435298725 0
1435298732 0
1435298738 0
1435298745 1
1435298751 0
1435298757 1
1435298764 3
1435298770 1785
1435298776 1785
1435298783 0
1435298789 1
1435298796 1
1435298802 1
1435298809 1789
1435298815 0
1435298821 0
1435298828 0
1435298834 2
1435298841 1773
1435298847 0
1435298853 0
1435298859 0
1435298866 0
1435298872 0
1435298879 1797
1435298885 1780
1435298891 0
1435298897 0
1435298903 0
1435298910 0
1436622679 0
1436622685 1831
1436622692 1810
1436622699 1812
1436622705 1827
1436622712 1804
1436622718 1813
1436622724 1821
1436622731 0
1436622738 0
1436622744 0
1436622751 1818
1436622757 1819
1436622763 0
1436622770 0
1436622776 1829
1436622782 1806
1436622789 0
1436622795 0
1436622801 1778
1436622808 1804
1436622815 0
1436622821 0
1436622828 1805
1436622834 1805
1436622840 0
1436622847 0
1436622853 457
1436622859 1821
1436622866 0
1436622872 0
1436622879 1821
1436622885 1808
1436622891 0
1436622898 0
1436622904 0
1436622911 1813
1436622917 0
1436622924 0
1436622930 0
1436622937 1
1436622944 1802
1436622950 1821
1436622957 0
1436622963 0
1436622969 0
1436622976 0
1436622982 0
1436622988 1822
1436622995 1774
1436623001 0
1436623008 0
1436623014 0
1436623020 0
1436623027 1808
1436623033 1809
1436623040 0
1436623047 0
1436623054 0
1436623060 0
1436623067 1775
1436623073 380
1436623079 0
1436623086 0
1436623093 0
1436623099 0
1436623105 0
1436623108 0
1441451611 1791
1441451614 1785
1441451620 1788
1441451626 1780
1441451634 1770
1441451641 1773
1441451648 0
1441451655 0
1441451661 0
1441451669 0
1441451676 0
1441451682 1
1441451687 1
1441451695 0
1441451701 0
1441451707 0
1441451713 0
1441451720 0
1441451726 1
1441451733 1785
1441451739 0
1441451745 0
1441451754 0
1441451762 0
1441451770 0
1441451776 0
1441451782 0
1441451788 0
1441451794 0
1441451800 1
1441451808 0
1441451815 0
1441451821 0
1441451827 0
1441451833 1749
1441451841 0
1441451847 0
1441451855 0
1441451863 0
1441451869 0
1441451876 0
1441451884 1
1441451892 1
1441451900 1
1441451906 1778
1441451914 0
1441451921 0
1441451928 0
1441451936 0
1441451945 0
1441451952 0
1441451959 0
1441451965 5
1441451973 1748
1441451981 0
1441451989 0
1441451995 0
1441452003 0
1441452009 0
1441452017 0
1441452025 0
1441452033 1767
1441452042 0
1441452049 0
1441452056 0
1441452063 0
1441452069 1
1441452075 0
1441452082 0
1441452090 0
1441452098 1791
1441452106 0
1441452112 0
1441452120 0
1441452128 0
1441452135 0
1441452142 0
1441452148 0
1441452155 0
1441452163 0
1441452169 0
1441452177 0
1441452185 0
1441452193 0
1441452202 1784
1441452208 0
1441452216 0
1441452222 0
1441452231 0
1441452237 0
1441452246 0
1441452254 0
1441452260 0
1441452268 1790
1441452274 0
1441452282 0
1441452289 1
1441452295 0
1441452303 1
1441452309 0
1441452317 0
1441452325 0
1441452331 0
1441452340 1808
1441452348 0
1441452354 0
1441452360 1
1441452366 0
1441452372 0
1441452380 0
1441452386 0
1441452395 0
1441452401 0
1441452407 1828
1441452415 0
1441452421 0
1441452429 1
1441452436 0
1441452442 0
1441452448 1
1441452454 0
1441452460 0
1441452467 0
1441452473 1789
1441452481 0
1441452489 0
1441452495 0
1441452502 0
1441452510 1
1441452516 0
1441452522 0
1441452530 0
1441452538 0
1441452544 0
1441452553 1
1441452559 1777
1441452565 0
1441452571 0
1441452577 0
1441452583 0
1441452589 0
1441452597 1
1441452605 0
1441452611 1
1441452618 1778
1441452624 0
1441452630 0
1441452636 0
1441452642 0
1441452649 0
1441452655 0
1441452663 0
1441452669 1
1441452677 0
1441452683 0
1441452691 0
1441452699 0
1441452705 0
1441452713 1662
1441452721 1742
1441452727 0
1441452735 0
1441452743 0
1441452750 0
1441452758 0
1441452764 0
1441452772 0
1441452780 0
1441452786 1
1441452794 1
1441452800 1779
1441452807 0
1441452815 0
1441452821 0
1441460502 298
1441460506 1815
1441460512 1833
1441460518 1802
1441460524 3347
1441460530 1808
1441460536 1813
1441460543 0
1441460549 0
1441460557 1
1441460565 0
1441460573 0
1441460588 1803
1441460594 0
1441460602 0
1441460608 0
1441460614 0
1441460620 0
1441460628 0
1441460634 0
1441460642 1
1441460648 1
1441460657 1
1441460664 0
1441460670 0
1441460677 1
1441460683 0
1441460691 1
1441460697 0
1441460705 3352
1441460713 0
1441460719 0
1441460727 0
1441460735 0
1441460741 1
1441460747 0
1441460755 0
1441460763 0
1441460772 0
1441460778 0
1441460783 0
1441460791 0
1441460797 0
1441460805 458
1441460812 1778
1441460818 0
1441460825 0
1441460834 0
1441460842 0
1441460850 0
1441460858 0
1441460866 0
1441460874 0
1441460882 1794
1441460890 0
1441460898 0
1441460904 0
1441460913 0
1441460921 0
1441460928 0
1441460935 0
1441460941 0
1441460949 0
1441460957 0
1441460963 1801
1441867518 316
1441867527 1826
1441867533 1807
1441867539 1822
1441867546 1826
1441867552 1789
1441867558 1801
1441867566 0
1441867572 0
1441867581 0
1441867587 0
1441867593 1719
1441867599 1803
1441867606 0
1441867612 0
1441867618 0
1441867624 0
1441867633 1794
1441867639 0
1441867645 0
1441867653 0
1441867662 3
1441867670 1825
1441867678 0
1441867684 0
1441867693 529
1441867701 1800
1441867707 0
1441867715 0
1441867721 0
1441867730 0
1441867736 0
1441867742 1794
1441867748 0
1441867754 0
1441867762 0
1441867768 0
1441867774 0
1441867781 36
1441867787 1798
1441867793 0
1441867801 0
1441867807 0
1441867813 1798
1441867820 1806
1441867828 0
1441867834 0
1441867842 0
1441867850 1
1441867857 1798
1441867863 0
1441867869 0
1441867877 0
1441867883 0
1441867890 0
1441867898 0
1441867904 1815
1441867913 0
1441867919 0
1441867924 0
1441867930 0
1441867939 1814
1441867945 1788
1441867953 0
1441867962 1
1441867968 0
1441867974 0
1441867980 0
1441867988 1800
1441867994 1421
1441868003 0
1445587905 346
1445587911 1795
1445587917 1807
1445587929 1805
1445587938 1795
1445587945 1793
1445587952 0
1445587958 0
1445587965 0
1445587972 0
1445587979 0
1445587986 0
1445587992 0
1445587999 0
1445588005 0
1445588012 0
1445588019 0
1445588026 1802
1445588033 0
1445588040 0
1445588046 0
1445588053 0
1445588059 0
1445588067 1808
1445588073 1786
1445588080 0
1445588086 0
1445588093 0
1445588099 1792
1445588106 1791
1445588112 0
1445588119 0
1445588126 0
1445588132 0
1445588139 0
1445588146 0
1445588153 0
1445588159 0
1445588166 0
1445588173 0
1445588180 0
1445588186 0
1445588193 0
1445588199 0
1445588206 0
1445588213 0
1445588220 0
1445588226 0
1445588233 0
1445588240 0
1445588246 0
1445588253 0
1445588260 0
1445588266 0
1445588273 0
1445588280 0
1445588287 0
1445588293 0
1445588300 0
1445588307 0
1445588314 0
1445588320 0
1445588327 0
1445588334 0
1445588341 0
1445588348 0
1445588354 0
1445588362 0
1445588368 0
1445588375 0
1445588382 0
1445588390 0
1445588398 0
1445588404 0
1445588410 0
1445588417 0
1445588423 0
1445588429 0
1445588437 0
1445588445 0
1445588453 0
1445588461 0
1445588469 0
1445588477 0
1445588483 0
1446306724 0
1446306730 0
1446306736 1817
1446306743 1832
1446306749 3610
1446306755 1811
1446306761 1814
1446306768 1821
1446306774 910
1446306781 0
1446306787 0
1446306794 0
1446306801 0
1446306808 0
1446306813 0
1446306820 0
1446306826 0
1446306833 0
1446306839 0
1446306846 0
1446306852 1804
1446306858 1796
1446306864 0
1446306871 0
1446306877 0
1446306884 0
1446306890 0
1446306897 1
1446306904 0
1446306911 0
1446306917 0
1446306924 0
1446306931 0
1446306937 0
1446306944 1
1446306950 1
1446306957 1
1446306963 1832
1446306970 602
1446306982 0
1446306991 0
1446306998 0
1446307004 0
1446307011 0
1446307017 0
1446307024 0
1446307030 0
1446307037 0
1446307043 0
1446307050 0
1446307056 0
1446307063 0
1446307069 0
1446307076 0
1446307083 1
1446307089 12
1446307095 1798
1446307102 0
1446307109 0
1446307115 0
1446307121 0
1446307128 0
1446307134 0
1446307141 0
1446307148 0
1446307155 0
1446307161 0
1446307168 0
1446307174 0
1446307181 0
1446307188 0
1446307194 462
1446307200 1772
1446307206 0
1446307212 0
1446307219 0
1446307226 0
1446307232 1
1446307240 0
1446307246 0
1446307253 0
1446307260 0
1446307266 0
1446307273 0
1446307280 0
1446307286 0
1446307292 0
1446307299 0
1446307306 0
1446307313 1
1446307320 1794
1446307326 0
1446307333 0
1446307339 0
1446307346 0
1446307352 0
1446307359 0
1446307366 0
1446307373 0
1446307379 0
1446307386 0
1446307393 0
1446307399 0
1446307406 0
1446307413 0
1446307419 0
1446307426 0
1446307432 0
1446307439 0
1446307446 1
1446307453 1787
1446307459 0
1446307466 0
1446307473 0
1446307479 0
1446307486 0
1446307492 0
1446307499 0
1446307506 0
1446307513 0
1446307520 0
1446307527 0
1446307533 0
1446307540 0
1446307547 1791
1446307553 208
1446307560 0
1446307567 0
1446307573 0
1446307580 0
1446307587 0
1446307594 0
1446307600 0
1446307607 0
1446307613 0
1446307620 0
1446307626 1797
1446307632 1787
1446307639 0
1446307646 0
1446307652 0
1446307659 0
1446307666 1
1446307673 0
1446307680 0
1446307686 0
1446307693 0
1446307700 0
1446307706 0
1446307713 1
1446307719 0
1446307726 0
1446307733 0
1446307740 1788
1446307747 0
1446307753 0
1446307760 0
1447228304 338
1447228311 1800
1447228317 1826
1447228324 1823
1447228330 1801
1447228336 1794
1447228342 1806
1447228350 0
1447228357 0
1447228363 0
1447228369 0
1447228375 0
1447228384 0
1447228390 0
1447228398 0
1447228406 0
1447228412 0
1447228418 3
1447228425 1808
1447228433 0
1447228439 0
1447228447 0
1447228453 0
1447228459 0
1447228467 1
1447228475 0
1447228481 0
1447228487 0
1447228494 0
1447228502 0
1447228509 0
1447228518 0
1447228526 0
1447228533 0
1447228539 1
1447228545 1786
1447228553 0
1447228559 0
1447228568 0
1447228574 0
1447228580 0
1447228588 0
1447228594 1816
1447228600 0
1447228608 0
1447228614 0
1447228620 0
1447228627 1805
1447228633 46
1447228639 0
1447228647 0
1447228655 1643
1447228661 1792
1447228668 0
1447228676 0
1447228684 0
1447228692 1788
1447228698 1793
1447228704 0
1447228712 0
1447228718 0
1447228725 0
1447228733 1790
1447228741 79
1447228749 0
1447228755 0
1447228763 0
1447228771 0
1447228777 506
1447228784 1774
1447228790 0
1447228796 0
1447228804 1
1447228810 0
1447670794 269
1447670803 1797
1447670809 1789
1447670816 1771
1447670822 1776
1447670830 1793
1447670836 1784
1447670842 0
1447670849 0
1447670855 1
1447670862 0
1447670869 0
1447670876 0
1447670883 0
1447670889 0
1447670897 0
1447670903 0
1447670910 0
1447670917 0
1447670923 978
1447670930 0
1447670936 0
1447670944 0
1447670950 0
1447670957 0
1447670964 0
1447670971 0
1447670978 0
1447670984 0
1447670991 0
1447670998 0
1447671005 0
1447671012 0
1447671019 0
1447671026 0
1447671032 1778
1447671039 1450
1447671046 0
1447671052 0
1447671059 518
1447671065 1773
1447671072 0
1447671079 0
1447671087 0
1447671093 0
1447671100 1778
1447671107 528
1447671114 0
1447671121 0
1447671128 0
1447671134 6
1447671142 1781
1447671148 0
1447671155 0
1447671162 0
1447671168 0
1447671175 0
1447671182 1792
1447671189 68
1447671195 0
1447671202 0
1452847520 384
1452847524 1831
1452847530 1863
1452847538 1860
1452847544 1867
1452847550 1853
1452847557 1842
1452847564 1839
1452847570 0
1452847578 0
1452847584 0
1452847591 0
1452847599 471
1452847605 1830
1452847612 0
1452847619 0
1452847626 0
1452847633 0
1452847640 0
1452847647 1840
1452847654 1837
1452847661 0
1452847667 0
1452847674 0
1452847681 0
1452847687 0
1452847693 491
1452847700 1855
1452847708 0
1452847715 0
1452847722 0
1452847730 1
1452847735 0
1452847743 1852
1452847749 0
1452847757 0
1452847763 0
1452847771 1846
1452847778 0
1452847785 0
1452847791 0
1452847799 0
1452847806 1739
1452847814 1851
1452847821 0
1452847827 0
1452847834 0
1452847840 0
1452847846 1826
1452847853 0
1452847861 0
1452847868 0
1452847875 0
1452847882 0
1452847890 1839
1452847897 0
1452847903 0
1452847911 0
1452847918 0
1452847925 1
1452847932 620
1452847938 0
1452847946 0
1452847953 0
1452847960 0
1452847968 1596
1452847975 1839
1452847983 0
1452847990 0
1452847997 0
1452848005 0
1452848012 0
1452848019 11
1452848027 1835
1452848034 0
1452848042 0
1452848049 0
1452848057 0
1452848064 0
1452848071 0
1452848077 0
1452848083 1835
1452848089 263
1452848096 0
1452848103 0
1452848111 0
1452848119 0
1452848126 1701
1452848134 1812
1452848141 0
1452848149 0
1452848155 0
1452848161 0
1452848169 0
1452848176 0
1452848184 0
1452848192 1806
1452848199 0
1452848207 1
1452848213 0
1452848219 0
1452848226 0
1452848234 0
1452848242 0
1452848249 1
1452848257 0
1452848264 0
1452848272 0
1454579569 409
1454579578 1824
1454579586 1828
1454579592 1819
1454579599 1827
1454579606 1806
1454579613 1807
1454579621 0
1454579627 0
1454579634 0
1454579641 0
1454579648 0
1454579654 0
1454579660 0
1454579667 0
1454579675 0
1454579682 0
1454579689 0
1454579696 524
1454579703 1794
1454579709 1799
1454579715 0
1454579721 0
1454579728 1
1454579735 0
1454579743 0
1454579750 0
1454579757 0
1454579764 0
1454579772 1
1454579779 0
1454579785 0
1454579791 0
1454579797 0
1454579804 0
1454579811 0
1454579819 1
1454579826 0
1454579833 1
1454579840 0
1454579846 0
1454579853 0
1454579861 0
1454579868 1812
1454579876 0
1454579882 0
1454579890 0
1454579897 0
1454579905 0
1454579912 0
1454579919 0
1454579927 1
1454579934 0
1454579942 0
1454579949 0
1454579957 0
1454579962 0
1454579970 0
1454579977 0
1454579983 2
1454579990 1804
1454579997 0
1454580005 0
1454580012 0
1454580019 0
1454580026 1822
1454580034 1797
1454580041 0
1454580047 0
1454580055 0
1454580062 0
1454580069 0
1454580075 1825
1454580083 1804
1454580089 0
1454580096 0
1454580103 0
1454580111 1
1454580116 1819
1454580123 0
1454580129 0
1454580136 0
1454580144 0
1454580150 0
1454580157 496
1454580164 1815
1454580170 0
1454580176 0
1454580183 0
1454580190 0
1454580197 1
1454580204 0
1454580211 1816
1454580218 1796
1454580225 0
1454580232 0
1454580238 1063
1454580246 1807
1454580253 0
1454580260 0
1454580267 0
1454580273 1
1454580281 1827
1454580288 1820
1454580295 0
1454580302 0
1454580310 0
1454580317 1
1454580325 1799
1454580331 0
1454580337 0
1454580345 0
1454580352 0
1454580359 0
1454580367 517
1454580373 1803
1454580380 0
1454580387 0
1454580394 0
1454580401 0
1454580408 0
1457547925 268
1457547932 1833
1457547938 1827
1457547944 1842
1457547950 1824
1457547957 1826
1457547965 1805
1457547972 1817
1457547979 0
1457547986 0
1457547992 0
1457548000 0
1457548007 0
1457548014 0
1457548021 0
1457548028 0
1457548034 0
1457548042 0
1457548049 1805
1457548057 0
1457548063 0
1457548070 1
1457548077 0
1457548084 0
1457548092 0
1457548099 0
1457548106 0
1457548113 0
1457548120 7
1457548126 1798
1457548134 0
1457548141 0
1457548149 0
1457548156 0
1457548163 0
1457548169 309
1457548176 0
1457548182 0
1457548190 0
1457548196 0
1457548202 1774
1457548208 0
1457548215 1
1457548222 0
1457548228 0
1457548234 1809
1457548242 1783
1457548249 0
1458501365 0
1458501369 1771
1458501375 1784
1458501381 1760
1458501387 1772
1458501394 1774
1458501400 1781
1458501406 1780
1458501412 0
1458501418 0
1458501425 0
1458501431 0
1458501439 0
1458501448 0
1458501454 0
1458501462 1
1458501468 0
1458501474 1763
1458501480 0
1458501487 0
1458501493 0
1458501499 0
1458501507 0
1458501514 0
1458501522 0
1458501530 0
1458501538 0
1458501544 0
1458501551 0
1458501557 0
1458501563 0
1458501569 0
1458501575 0
1458501583 0
1458501590 1
1458501597 1748
1458501605 0
1458501613 0
1458501620 0
1458501626 0
1458501632 0
1458501640 0
1458501648 0
1458501654 0
1458501661 1
1458501667 1
1458501673 0
1458501679 0
1458501685 0
1458501691 0
1458501699 0
1458501705 0
1458501714 1772
1458501720 0
1458501727 0
1458501733 0
1458501739 0
1458501747 0
1458501755 0
1458501762 0
1458501768 0
1458501774 0
1458501780 0
1458501788 0
1458501794 0
1458501802 1
1458501811 0
1458501819 1
1458501828 0
1458501834 1
1458501840 0
1458501846 0
1458501853 72
1458501861 1753
1458501869 0
1458501877 0
1458501884 0
1458501890 0
1458501896 1
1458501902 0
1458501911 1
1458501919 0
1458501925 0
1458501934 1782
1458501940 1779
1458501946 0
1458501952 0
1458501961 0
1458501967 0
1458501974 0
1458501980 1775
1458501986 1770
1458501993 0
1458501999 0
1458502005 0
1458502011 4
1458502018 1764
1458502026 0
1458502035 0
1458502041 1660
1458502047 608
1458502056 0
1458502062 0
1458502068 1
1458502074 0
1458502083 0
1458502091 0
1458502097 0
1458502105 7
1458502112 1761
1458502118 0
1458502125 0
1458502133 0
1458502141 0
1458502150 0
1458502156 0
1458502162 0
1458502171 0
1458502179 0
1458502185 0
1458502191 0
1458502198 0
1458502204 1750
1458502210 0
1458502217 0
1465844010 303
1465844014 1776
1465844020 1787
1465844027 1769
1465844033 1768
1465844040 1747
1465844046 1754
1465844052 664
1465844058 0
1465844064 0
1465844071 0
1465844079 0
1465844088 1
1465844094 0
1465844101 0
1465844107 0
1465844113 0
1465844119 0
1465844125 0
1465844131 0
1465844137 0
1465844144 0
1465844150 1758
1465844159 0
1465844166 0
1465844172 0
1465844178 0
1465844184 0
1465844190 0
1465844197 0
1465844203 0
1465844209 0
1465844215 1
1465844224 0
1465844230 0
1465844236 0
1465844245 0
1465844251 0
1465844257 0
1465844266 0
1465844272 0
1465844278 1755
1465844285 0
1465844293 0
1465844299 1
1465844305 0
1465844312 2
1465844321 0
1465844327 0
1465844333 0
1465844339 1
1465844346 0
1465844352 0
1465844358 0
1465844364 0
1465844371 1
1465844377 1
1465844386 1
1465844394 0
1465844400 1
1465844407 20
1465844413 305
1465844419 0
1465844426 0
1465844432 0
1465844438 0
1465844444 0
1465844451 0
1465844457 0
1465844463 0
1465844472 0
1465844478 0
1465844484 0
1465844490 0
1465844499 1
1465844505 0
1465844511 1
1465844518 0
1465844524 0
1465844530 0
1465844536 0
1465844542 0
1465844548 1741
1465844555 0
1465844561 0
1465844567 0
1465844576 0
1465844582 0
1465844588 0
1465844595 0
1465844601 0
1465844607 0
1465844615 0
1465844622 0
1465844628 0
1465844634 1
1465844640 1
1465844649 1
1465844658 1
1465844667 0
1465844673 0
1465844682 1742
1465844688 0
1465844694 0
1465844701 0
1465844707 0
1465844713 0
1465844722 0
1465844728 0
1465844735 1
1465844740 0
1465844749 0
1465844755 0
1465844764 0
1465844770 0
1465844776 0
1465844782 1
1465844788 0
1465844794 0
1465844800 0
1465844806 693
1465844813 1743
1465844819 0
1465844825 0
1465844831 0
1465844838 0
1465844846 0
1465844852 0
1465844859 1
1465844865 11
1465844872 519
1465844878 0
1465844885 1455
1465844891 1748
1465844897 1706
1465844903 0
1465844911 1
1465844919 1759
1465844925 1740
1465844931 0
1465844936 3
1465844944 1764
1465844950 1755
1465844956 8
1465844963 1746
1465844969 1749
1465844975 1746
1465844984 0
1465844990 0
1465844997 1767
1465845003 1762
1465845009 539
1465845016 0
1465845022 1750
1465845028 1755
1465845035 1725
1465845041 0
1465845048 1744
1465845054 1743
1465845061 1737
1465845067 0
1465845073 1761
1465845080 1757
1465845086 1757
1465845093 0
1465845099 0
1465845106 1742
1465845119 337
1465845126 0
1465845132 0
1465845138 1746
1465845145 1735
1465845151 0
1465845160 0
1465845166 0
1465845172 0
1465845179 1727
1465845185 1735
1465845192 753
1465845201 0
1465845209 0
1465845215 0
1465845221 0
1465845228 0
1465845234 1728
1465845241 1717
1465845247 1722
1465845254 0
1465845260 0
1465845266 1
1465845273 0
1465845279 1
1465845285 0
1465845291 0
1465845297 0
1465845306 0
1465845312 1
1465845318 0
1465845324 0
1465845331 1
1465845337 1730
1465845343 1734
1465845352 5
1465845358 1766
1465845365 307
1465845371 0
1465845378 2
1465845384 1755
1465845390 0
1465845396 0
1465845403 1764
1465845410 1735
1465845416 1756
1465845425 1557
1465845431 579
1465845440 0
1465845446 1
1465845453 1751
1465845460 1738
1465845469 0
1465845475 0
1465845482 1749
1465845488 0
1465845494 0
1465845501 0
1465845507 1721
1465845514 1731
1465845520 0
1465845529 0
1465845535 0
1465845542 1
1465845548 1718
1465845555 539
1465845561 0
1465845569 0
1465845578 0
1465845584 0
1465845590 0
1466058900 426
1466058906 1809
1466058913 1810
1466058919 1820
1466058925 1820
1466058932 1817
1466058938 1808
1466058947 0
1466058955 0
1466058962 1
1466058970 1
1466058977 1
1466058984 1780
1466058990 0
1466058996 0
1466059002 1
1467268319 424
1467268325 1835
1467268331 1811
1467268337 1816
1467268343 1792
1467268349 1824
1467268356 1819
1467268362 1801
1467268368 0
1467268376 0
1467268385 0
1467268392 1
1467268398 1801
1467268407 0
1467268413 0
1467268419 0
1467268425 0
1467268432 0
1467268438 0
1467268444 0
1467268453 1784
1467268460 58
1467268466 0
1467580105 1810
1467580112 1832
1467580118 1823
1467580124 1820
1467580131 1817
1467580137 1809
1467580143 1763
1467580151 0
1467580158 0
1467580164 0
1467580170 0
1467580176 0
1467580183 0
1467580189 0
1467580195 1
1467580201 1
1467580207 1
1467580214 4
1467580220 1794
1467580226 0
1467580232 0
1467580238 1
1467580244 0
1467580253 1
1467580260 0
1467580266 1
1467580272 0
1467580278 0
1467580286 0
1467580293 0
1467580299 1
1467580305 1
1467580311 0
1467580317 0
1467580323 0
1467580330 1
1467580343 0
1467580350 0
1467580358 0
1467580364 0
1467580370 0
1467580376 0
1467580383 0
1467580389 0
1467580395 0
1467580401 0
1467580407 0
1467580413 0
1467580419 1
1467580425 0
1467580432 0
1467580438 1
1467580444 0
1467580450 0
1467580456 0
1467580465 1827
1467580474 0
1467580480 0
1467580489 0
1467580498 0
1467580504 0
1467580510 0
1467580516 0
1467580525 0
1467580531 0
1467580537 0
1467580543 0
1467580549 0
1467580555 0
1467580561 0
1467580568 0
1467580574 0
1467580581 0
1467580589 1822
1467580596 0
1467580602 0
1467580608 0
1467580614 0
1467580622 0
1467580629 1637
1467580635 1813
1467580641 0
1467580647 0
1467580656 0
1467580663 1
1467580669 1824
1467580675 1835
1467580684 0
1467580690 1830
1467580699 1825
1467580705 0
1467580712 0
1467580718 1836
1467580724 1838
1467580731 1056
1467580737 0
1467580745 0
1467580751 0
1467580758 0
1467580764 1
1467580770 5
1467580777 1828
1467580783 1825
1467580789 0
1467580796 0
1467580802 0
1467580809 1820
1467580815 132
1467580834 3521
1467580841 0
1467580849 0
1467580856 0
1467580862 3
1467580868 1809
1467580875 1807
1467580882 0
1467580891 1
1467580897 1820
1467580903 0
1467580909 0
1467580915 1796
1467580921 1800
1467580927 0
1467580933 0
1467580940 1796
1467580947 1801
1467580953 0
1467580962 0
1467580968 0
1467580976 0
1467580982 0
1467580988 0
1467580995 1784
1467581001 1791
1467581007 0
1467581014 0
1467581020 0
1467581026 0
1467581032 0
1467581039 1817
1467581045 611
1467581051 0
1467581058 0
1467581064 0
1467581070 0
1468305523 0
1468305527 2
1468305535 1848
1468305561 1821
1468305565 1835
1468305574 0
1468305580 0
1468305586 0
1468305593 0
1468305599 1845
1468305605 1844
1468305612 0
1468305618 0
1468305631 1811
1468305637 0
1468305645 0
1468391760 333
1468391767 1872
1468391773 1863
1468391779 1843
1468391786 1848
1468391792 1838
1468391798 1852
1468391805 1842
1468391811 0
1468391817 0
1468391823 1864
1468391829 1861
1468391835 0
1468391841 0
1468391850 0
1468391858 5
1468391865 1854
1468391874 0
1468391880 0
1468391886 0
1468391892 0
1468391898 0
1468391907 511
1468391913 1855
1468391916 0
1468478254 467
1468478262 1829
1468478268 1817
1468478274 1833
1468478281 1805
1468478287 1788
1468478294 1800
1468478300 1775
1468478309 0
1468478315 1
1468478322 1775
1468478328 0
1468478334 0
1468478343 470
1468478352 1788
1468478358 0
1468478364 0
1468478371 0
1468478374 0
1468564541 412
1468564547 1823
1468564554 1809
1468564560 1817
1468564566 1826
1468564573 1819
1468564580 1806
1468564586 0
1468564592 0
1468564601 0
1468564609 993
1468564616 1841
1468564622 0
1468564628 0
1468564635 1
1468564641 1814
1468564647 87
1468564653 0
1468564659 0
1468564668 0
1468564674 0
1468564681 1836
1468564687 1350
1468564693 0
1468564699 0
1468564705 0
1468564711 0
1468564717 0
1468564723 0
1468564729 0
1468564736 1
1468564742 1797
1468564748 0
1468823188 41
1468823194 1810
1468823201 1802
1468823208 1788
1468823214 1800
1468823221 1780
1468823227 185
1468823235 0
1468823241 0
1468823248 1792
1468823256 1797
1468823262 0
1468823268 0
1468823274 1
1468823281 1795
1468823289 0
1468823298 1
1468823304 0
1468907920 389
1468907923 1757
1468907937 360
1468907944 1718
1468907951 1711
1468907957 1705
1468907964 3030
1468907970 1703
1468907978 0
1468907985 0
1468907991 1724
1468907998 1692
1468908004 0
1468908010 0
1468908016 1
1468908023 1725
1468908029 0
1468908036 0
1468908042 0
1468908048 0
1468908057 1711
1468908063 1283
1468908072 0
1468994406 47
1468994411 1825
1468994417 1821
1468994424 1829
1468994430 1809
1468994437 1825
1468994443 722
1468994451 0
1468994457 1
1468994464 1827
1468994472 0
1468994481 0
1468994487 0
1468994493 1
1468994502 0
1468994511 1819
1468994519 0
1468994527 0
1468994534 0
1468994543 0
1468994549 1821
1468994555 1809
1470165467 0
1470165475 1806
1470165481 1811
1470165488 1817
1470165494 1816
1470165501 1792
1470165509 0
1470165516 0
1470165522 0
1470165528 0
1470165536 0
1470165543 0
1470165550 0
1470165557 3326
1470165564 797
1470165572 0
1470165580 0
1470165587 0
1470165594 0
1470165601 0
1470165609 0
1470165616 0
1470165623 0
1470165631 0
1470165638 0
1470165645 0
1470165653 0
1470165660 1
1470165667 0
1470165675 0
1470165682 1
1470165705 0
1470165710 0
1470165718 0
1470165725 0
1470165732 0
1470165739 0
1470165747 0
1470165754 0
1470165761 0
1470165769 65
1470165776 0
1470165784 0
1470165791 1
1470165798 0
1470165806 0
1470165812 1817
1470165819 870
1470165825 0
1470165833 1
1470165840 0
1470165847 0
1470165854 0
1470165862 0
1470165869 0
1470165875 1796
1470165881 1795
1470165887 0
1470165893 0
1470165900 0
1470165908 0
1470165916 0
1470165923 1666
1470165929 1774
1470165936 0
1470165944 0
1470165951 0
1470165958 0
1470165966 1
1470165973 0
1470165980 464
1470165986 49
1470165992 0
1470165999 0
1470166006 1
1470166012 1
1470166020 1
1470166027 0
1470166034 0
1470166041 0
1470166048 0
1470166056 0
1470166063 0
1470166070 0
1470166077 0
1470166085 524
1470166091 1776
1470166097 0
1470166103 0
1470166110 0
1470166117 0
1470166123 0
1470166131 0
1470166138 1
1470166145 0
1473183523 1785
1473183530 1809
1473183538 1803
1473183545 1809
1473183554 1782
1473183559 0
1473183568 1
1473183574 0
1473183580 0
1473183586 1159
1473183592 1759
1473183601 0
1473183607 0
1473183616 0
1473183624 0
1473183630 1
1473183637 1767
1473183643 0
1473183649 0
1473183655 1
1473183661 1
1473183670 1
1473183676 1796
1473183683 0
1473183691 0
1473183700 0
1473183708 1
1473183717 0
1473183723 0
1473183729 1
1473183736 1802
1473183742 1822
1473183748 0
1473183754 0
1473183760 0
1473183766 0
1473183772 0
1473183778 0
1473183784 0
1473183791 0
1473183797 0
1473183802 1
1473183809 1796
1473183817 0
1473183824 0
1473183829 0
1473183838 0
1473183844 0
1473183850 0
1473183856 0
1473183862 0
1473183871 0
1473183878 0
1473183884 0
1473183892 1
1473183898 0
1473183907 0
1473183913 0
1473183919 1
1473183928 1
1473183934 1769
1473183940 0
1473183946 0
1473183955 1
1473183961 0
1473183969 1
1473183975 0
1473183982 0
1473183990 0
1473183996 0
1473184003 1
1473184009 0
1473184017 1
1473184024 0
1473184030 1
1473184036 0
1473184045 0
1473184053 0
1473184060 0
1473184066 1769
1473184073 0
1473184079 0
1473184085 0
1473184091 0
1473184097 0
1473184104 489
1473184112 1757
1473184121 0
1473184127 0
1473184133 1
1473184139 0
1473184146 1
1473184155 1780
1473184163 0
1473184172 1
1473184180 0
1473184187 0
1473184193 0
1473184202 0
1473184208 0
1473184214 1777
1473184220 293
1473184227 0
1473184233 0
1473184239 0
1473184245 0
1473184251 1
1473184257 0
1473184264 0
1473184272 0
1473184281 1766
1473184289 1
1473184295 1
1473184301 0
1473184308 0
1473184314 0
1473184323 0
1473184329 1788
1473184336 0
1473184342 0
1473184348 0
1473184354 0
1473184360 0
1473184367 482
1473184373 1645
1473184379 0
1473184385 0
1473184391 1
1473184398 1
1473184404 0
1473184412 0
1473184418 1
1473184424 3358
1473184430 0
1473184436 0
1473184443 1
1473920674 304
1473920677 304
1473920684 1799
1473920690 1798
1473920697 1798
1473920703 1802
1473920709 1787
1473920716 35
1473920722 0
1473920729 1
1473920735 0
1473920742 0
1473920748 516
1473920755 1805
1473920761 0
1473920768 0
1473920774 0
1473920781 0
1473921729 0
1473921735 1755
1473921745 1766
1473921751 1781
1473921758 339
1473921764 0
1473921770 0
1473921777 0
1473921783 4
1474006254 342
1474006262 1807
1474006268 1797
1474006274 1788
1474006283 1789
1474006290 1778
1474006298 0
1474006305 0
1474006311 0
1474006318 1
1474006324 1776
1474006332 0
1474006339 0
1474006345 1
1474006350 0
1474011363 0
1474011370 1827
1474011377 1803
1474011383 1814
1474011390 1816
1474011396 1800
1474011403 1775
1474011410 0
1474011417 0
1474011424 0
1474011431 0
1474011439 0
1474011446 0
1474011454 1
1474011461 0
1474011468 0
1474011475 1804
1474011481 0
1474011489 0
1474011496 1
1474011503 1
1474011509 1
1474011516 0
1474011522 0
1474011530 0
1474011536 0
1474011543 0
1474011551 0
1474011558 1
1474011564 1800
1474011571 0
1474011578 0
1474011586 0
1474011593 0
1474011600 1
1474011607 0
1474011614 1806
1474011621 1810
1474011628 826
1474011635 0
1474011641 1809
1474011649 1806
1474011655 0
1474011661 0
1474011668 1803
1474011675 1827
1474011682 0
1474011689 0
1474011697 0
1474011704 9
1474011712 1813
1474011719 247
1474011726 0
1474011734 500
1474011741 402
1474011749 0
1474011756 1
1474011764 1802
1474011770 1810
1474011776 0
1474011782 1815
1474011789 1817
1474011797 0
1474011803 1
1474011809 1827
1474011815 0
1474011822 0
1474011830 5
1474011837 1811
1474011844 0
1474011851 0
1474011858 0
1474011866 1814
1474011873 0
1474011880 0
1474011888 0
1474011895 0
1474011902 0
1474011910 0
1474011917 0
1474011924 1
1474011931 0
1474011938 0
1474011944 0
1474011950 1800
1474122610 11
1474122616 1827
1474122623 1817
1474122629 1803
1474122635 1808
1474122641 1804
1474122648 1798
1474122654 176
1474122660 0
1474122666 0
1474122673 0
1474122679 0
1474122685 1
1474122691 1
1474122697 1
1474122706 1
1474122712 1
1474122721 0
1474122727 1819
1474122733 0
1474122740 0
1474122746 0
1474122752 0
1474122758 0
1474122764 1
1474122770 0
1474122779 1
1474122785 1
1474122794 1802
1474122801 1794
1474122807 0
1474122813 0
1474122819 1812
1474122828 0
1474122836 0
1474122843 0
1474122849 0
1474122855 0
1474122861 1
1474122868 1
1474122874 0
1474122880 0
1474122887 0
1474122895 0
1474122901 1
1474122908 1
1474122914 0
1474122920 508
1474122927 1803
1474122933 0
1474122945 0
1474122951 0
1474122958 0
1474122964 0
1474122971 0
1474122977 1
1474122985 1
1474122992 1
1474122998 1812
1474123005 1797
1474123011 1798
1474123020 0
1474123027 1777
1474123033 1777
1474123040 0
1474123046 0
1474123052 1805
1474123058 1778
1474123064 0
1474123070 2
1474123077 1805
1474123083 1783
1474123090 0
1474123097 0
1474123106 1
1474123115 0
1474123123 521
1474123130 1809
1474123137 1811
1474123143 1
1474123149 1823
1474123155 1813
1474123162 1808
1474123171 1
1474123177 1802
1474123184 1817
1474123190 0
1474123199 1802
1474123205 1812
1474123211 1802
1474123217 0
1474123223 3
1474123230 1822
1474123236 1813
1474123242 0
1474123252 1817
1474123258 1807
1474123267 201
1474123273 0
1474123280 1804
1474123286 1793
1474123295 0
1474123304 0
1474123310 0
1474123316 1
1474123323 1
1474123329 1181
1474123335 1810
1474123342 1770
1474123348 0
1474123354 1777
1474123361 1784
1474123367 1800
1474123373 0
1474123380 1068
1474123386 1803
1474123392 695
1474123398 0
1474123404 0
1474123411 1
1474123420 1806
1474123426 0
1474123433 0
1474123439 0
1474123445 1778
1474123452 1784
1474123458 1769
1474123464 0
1474123470 1
1474123476 1796
1474123485 0
1474123491 0
1474123497 1
1474123504 1
1474123510 1789
1474123517 1786
1474123524 0
1474123533 0
1474123539 0
1474123545 1792
1474123551 1801
1474123558 0
1474123564 0
1474123570 1
1474123577 0
1474123583 0
1474123589 0
1474123595 2
1474123601 3310
1474123607 0
1474123614 0
1474123620 0
1474123627 0
1474123633 0
1474123639 0
1474123648 1804
1474123654 1803
1474123660 0
1474123666 0
1474123675 1
1474123681 1787
1474123687 1781
1474123694 1789
1474123700 0
1474123706 0
1474123712 0
1474123721 0
1474123728 1753
1474123735 1776
1474123741 0
1474123871 280
1474123874 280
1474123880 1794
1474123886 0
1474123892 0
1474123901 0
1474123907 1
1474123913 26
1474123920 1802
1474123926 0
1474123935 0
1474123942 0
1474123948 1799
1474123954 1800
1474123963 0
1474123969 0
1474123979 1
1474123987 0
1474123994 54
1474124001 1815
1474124007 1066
1474124013 0
1474124019 1
1474124025 0
1474124032 0
1474124039 1
1474124045 0
1474124051 0
1474124057 0
1474124063 0
1474124070 0
1474124076 0
1474124082 1
1474124088 1
1474124097 0
1474124103 0
1474124112 1
1474124118 0
1474124125 1
1474124131 1
1474124137 1
1474124143 0
1474124150 0
1474124156 0
1474124162 0
1474124169 0
1474124175 0
1474124181 0
1474267591 41
1474267594 1853
1474267600 1841
1474267606 1814
1474267612 1835
1474267619 1843
1474267625 0
1474267632 0
1474267640 0
1474267648 1
1474267655 1
1474267663 1
1474267671 0
1474267678 1
1474267686 0
1474267693 0
1474267702 0
1474267708 1
1474267716 0
1474267723 1
1474267731 0
1474267739 1837
1474267746 1829
1474267752 1825
1474267758 1797
1474267764 0
1474267772 0
1474267778 1834
1474267784 1812
1474267790 1830
1474267798 0
1474267805 1810
1474267812 1798
1474267819 0
1474267827 1809
1474267835 1822
1474267842 0
1474267849 0
1474267857 0
1474267865 1822
1474267871 1798
1474267879 0
1474267886 0
1474267892 1
1474267900 1
1474267908 1808
1474267914 739
1474267922 0
1474267929 0
1474267935 0
1474267943 0
1474267951 0
1474267957 1840
1474267963 1830
1474267970 1814
1474267977 0
1474267985 1822
1474267991 1832
1474267999 0
1474268006 1
1474268013 1
1474268019 1
1474268027 1847
1474268033 1837
1474268041 0
1474268047 1840
1474268053 1836
1474268059 1813
1474268067 0
1474268075 0
1474268082 0
1474268089 1826
1474268095 1830
1474268103 0
1474268109 0
1474268116 487
1474268122 1835
1474268128 1136
1474268135 0
1475519750 373
1475519757 1806
1475519764 1785
1475519770 1785
1475519777 1777
1475519783 1778
1475519790 1780
1475519798 0
1475519804 0
1475519810 1
1475519816 0
1475519823 0
1475519829 1763
1475519835 1774
1475519842 0
1475519848 1775
1475519854 1783
1475519861 1783
1475519868 0
1475519874 1811
1475519881 1797
1475519887 1803
1475519893 0
1475519900 1
1475519907 1800
1475519913 1791
1475519919 0
1475519926 0
1475519932 1800
1475519939 1788
1475519945 0
1475519954 0
1475519960 1784
1475519967 1795
1475519973 1772
1475519979 0
1475519985 0
1475519991 1
1475519998 1
1475520004 1785
1475520013 0
1475520019 0
1475520025 0
1475520032 34
1475520038 1791
1475520044 1791
1475520051 1
1475520057 0
1475520063 0
1475520069 0
1475520076 1794
1475520083 0
1475520089 0
1475520095 0
1475520102 1773
1475520108 1787
1475520114 1
1475520121 1
1475520130 0
1475520136 4
1475520142 1799
1475520148 965
1475520154 0
1476686899 368
1476686909 1779
1476686916 1788
1476686923 1764
1476686931 1777
1476686938 1757
1476686945 0
1476686953 0
1476686959 1
1476686986 1
1476686993 1
1476687000 0
1476687007 0
1476687014 1785
1476687021 0
1476687029 0
1476687036 0
1476687043 0
1476687050 0
1476687057 0
1476687063 0
1476687070 0
1476687078 0
1476687085 0
1476687092 0
1476687099 1
1476687106 0
1476687113 0
1476687120 0
1476687126 0
1476687133 1
1476687140 0
1476687148 1794
1476687154 0
1476687161 0
1476687168 1
1476687175 1791
1476687182 1788
1476687188 1766
1476687195 0
1476687201 1788
1476687207 1791
1476687213 1790
1476687220 0
1476687227 0
1476687235 519
1476687242 1808
1476687249 1787
1476687256 0
1476687262 1798
1476687268 1785
1476687275 0
1476687282 0
1476687289 1
1476687295 1809
1476687302 0
1476687310 0
1476687317 482
1476687323 1801
1476687329 1788
1476687336 1754
1476687343 0
1478337320 298
1478337324 1797
1478337331 1794
1478337337 1779
1478337343 1766
1478337350 1780
1478337356 1768
1478337363 1756
1478337371 0
1478337380 1
1478337386 1
1478337392 0
1478337398 0
1478337405 0
1478337411 1733
1478337419 0
1478337425 0
1478337432 0
1478337438 1768
1478337445 184
1478337453 0
1478337459 0
1478337465 0
1478337472 1
1478337478 1769
1478337485 1758
1478337491 0
1478337500 0
1478337505 0
1478337512 1808
1478337518 1787
1478337527 0
1478337533 0
1478337539 0
1478337545 0
1478337551 1
1478337558 1801
1478337564 0
1478337570 0
1478337576 0
1478337582 0
1478337589 1709
1478337595 1796
1478337601 0
1478339194 411
1478339204 1852
1478339211 1844
1478339217 1839
1478339226 0
1478339234 0
1478339240 522
1478339246 1853
1478339252 0
1478339259 0
1478339267 0
1478339276 1
1478339282 1852
1478339291 0
1478339297 0
1478339303 1
1478339309 6
1478339316 1849
1478339322 0
1478339328 0
1478339334 0
1478339343 1
1478339349 0
1478339357 0
1478339366 0
1479140773 1822
1479140779 1799
1479140787 1821
1479140793 1820
1479140799 1807
1479140807 0
1479140813 1830
1479140819 1815
1479140826 0
1479140834 0
1479140841 1
1479140849 0
1479140856 1
1479140863 0
1479140871 0
1479140879 0
1479140886 1
1479140894 0
1479140901 1
1479140909 1822
1479140915 0
1479140922 0
1479140928 0
1479140936 0
1479140942 0
1479140948 0
1479140955 0
1479140961 0
1479140969 0
1479140976 0
1479140982 1809
1479140990 1803
1479140997 529
1479141003 1784
1479141010 1800
1479141016 1798
1479141037 0
1479141044 0
1479141052 0
1479141059 0
1479141066 0
1479141073 760
1479141081 0
1479141087 0
1479141094 0
1479141101 0
1479141109 0
1479141115 0
1479141122 1
1479141130 0
1479141137 1
1479141145 0
1479141152 1
1479141159 0
1479141167 0
1479141173 515
1479141179 1786
1479141185 1783
1479141192 51
1479141197 0
1479141205 0
1479141212 1801
1479141220 0
1479141227 0
1479141235 501
1479141243 1823
1479141250 1806
1479141257 1817
1479141264 0
1479141272 2
1479141280 1824
1479141287 1806
1479141294 0
1479141302 0
1479141310 0
1479141317 0
1479141324 1815
1479141331 1811
1479141337 1804
1479141343 1
1479141350 1
1479141356 0
1479141363 0
1479141369 1799
1479141375 1805
1479141383 0
1479141390 1
1479141398 0
1479141405 0
1479141411 1799
1479141417 1771
1479141425 0
1479141433 0
1479141440 0
1479141448 0
1479141455 483
1479141461 89
1479141469 0
1479141477 0
1479141484 0
1479141492 0
1479141499 1
1479141507 0
1479141515 0
1479141522 0
1479141530 0
1479141535 0
1479141544 1
1479141550 0
1479141556 0
1479141563 0
1479141571 0
1479141578 0
1479141586 0
1479141592 488
1479141598 1780
1479141606 0
1479141612 0
1479141619 1
1479141627 0
1479141634 0
1479141642 0
1479141650 0
1479141657 0
1479141663 1
1479141671 0
1479141679 1
1479141686 1
1479141694 1
1479141701 0
1479141707 1
1479141715 0
1479141723 0
1479141730 0
1479141736 1804
1479141742 1791
1479141748 0
1479141760 0
1479141763 0
1479141770 0
1479141778 1
1479141784 0
1479141791 0
1479141799 0
1479141806 0
1479141812 0
1479141819 1
1479141826 0
1479141833 0
1479141839 0
1479141846 1
1479141854 0
1479141861 0
1479141868 0
1479141876 0
1479141882 0
1479141889 1
1479141895 1779
1479141902 0
1479141908 0
1479141915 0
1479141923 0
1479141930 1
1479141938 1
1479141945 1
1479141951 0
1479141958 0
1479141966 0
1479141973 0
1479141980 0
1479141987 0
1479141994 0
1479142001 0
1479142009 0
1479142015 0
1479142022 0
1479142030 1814
1479142038 0
1479142045 0
1479142053 0
1479142060 0
1479142068 0
1479142075 0
1479142082 1
1479142090 0
1479142098 0
1479142105 0
1479142112 0
1479142119 0
1479142127 0
1479142135 0
1479142142 1
1479142149 0
1479142157 1
1479142164 0
1479142170 1
1479142177 1804
1479142184 1
1479142190 0
1479142198 0
1479142204 0
1479142211 0
1479142218 0
1479142226 0
1479142233 0
1479142240 0
1479142247 1
1479142253 0
1479142260 0
1479142268 0
1479142275 0
1479142283 0
1479142290 0
1479142297 1
1479142305 0
1479142313 0
1479142319 1798
1479142326 0
1479142332 0
1479142340 0
1479142347 0
1479142354 0
1479142361 0
1479142369 1
1479142375 0
1479142381 0
1479142387 1792
1479142395 139
1479142402 0
1479142409 0
1479142417 0
1479142424 513
1479142430 1791
1479142436 1804
1479142444 1779
1479142451 0
1479142459 1786
1479142464 1785
1479142471 299
1479142478 0
1479142486 0
1479142493 0
1479142499 1791
1479142507 1784
1479142513 1781
1479142520 0
1479142528 1
1479142536 0
1479142543 1
1479142550 1789
1479142557 1788
1479142564 0
1479142572 1784
1479142578 1774
1479142584 1770
1479142592 0
1479142599 0
1479142606 472
1479142612 1796
1479142620 1795
1479142626 48
1479142634 1189
1479142640 1783
1479142647 1778
1479142655 0
1479142662 0
1479142668 0
1479142676 1782
1479142684 0
1479142691 0
1479142698 0
1479142704 2
1479142712 1781
1479142718 1793
1479142731 0
1479142734 0
1479142741 0
1479142748 0
1479142756 0
1479142764 0
1479142771 1
1479142777 1
1479142783 1791
1479142790 1788
1479142798 0
1479142805 0
1479142813 0
1479142820 0
1479142826 1796
1479142833 108
1479142840 0
1479142848 0
1479142855 0
1479142862 1
1479142868 501
1479142875 1768
1479142881 1778
1479142887 0
1479142893 0
1479142901 0
1479142908 0
1479142916 0
1479142924 0
1479142931 0
1479142937 1771
1479142944 1786
1479142950 0
1479142958 0
1479142965 0
1479142973 0
1479142980 1
1479142987 0
1479142995 1
1479143003 0
1479143009 1
1479143016 1805
1479143023 0
1479143030 0
1479143036 1810
1479143042 1783
1479143049 1794
1479143056 0
1479143063 0
1479143071 0
1479143078 1473
1479143084 1795
1479143092 1797
1479143100 507
1479143106 1790
1479143113 0
1479143121 0
1479143128 1
1479143135 0
1479143141 1788
1479143147 1784
1479143154 1799
1479143160 0
1479143167 0
1479143175 1814
1479143182 1805
1479143187 0
1479143193 0
1479143201 0
1479143207 0
1479143214 0
1479143220 0
1479143228 0
1479143235 0
1479143242 1865
1479143248 1829
1479143255 0
1479143263 0
1479143270 1
1479143276 0
1479143282 457
1479143290 1832
1479143297 0
1479143305 0
1479143312 1
1479143319 1
1479143326 0
1479143333 0
1479143341 4
1479143347 1834
1479143353 0
1479143359 0
1479143366 0
1479143373 0
1479143381 1
1479143387 0
1479143394 0
1479143402 0
1479143408 0
1479143415 0
1479143423 1810
1479143430 44
1479143437 0
1479143443 1
1479143451 1
1480058069 420
1480058078 1836
1480058084 1842
1480058091 1854
1480058097 1843
1480058104 1844
1480058110 1833
1480058116 0
1480058124 0
1480058130 0
1480058136 0
1480058143 0
1480058149 0
1480058155 0
1480058161 1
1480058170 1
1480058176 0
1480058183 1
1480058189 1841
1480058195 0
1480058201 0
1480058207 0
1480058216 0
1480058222 0
1480058228 0
1480058234 0
1480058240 1
1480058247 1
1480058253 0
1480058259 0
1480058265 0
1480058271 1828
1480058278 1838
1480058284 0
1480058290 2
1480058297 1839
1480058303 1819
1480058310 0
1480058316 2
1480058322 1843
1480058331 0
1480058337 0
1480058343 0
1480058349 0
1480058355 1722
1480058362 1841
1480058368 1839
1480058374 0
1480058380 0
1480058386 0
1480058393 0
1480058399 1826
1480058405 0
1480058414 15
1480058421 1861
1480058427 1853
1480058433 0
1480058439 2
1480058446 1841
1480058452 1859
1480058458 0
1480058467 1
1480058473 0
1480058479 0
1480058485 529
1480058492 1858
1480058500 0
1480058507 0
1480058513 0
1480058519 0
1480058525 0
1480058531 1863
1480058540 0
1480058546 0
1480058553 1
1480058559 1
1480058565 1850
1480058571 0
1480058580 0
1482512149 1801
1482512153 1799
1482512159 1792
1482512165 1812
1482512172 1780
1482512178 1798
1482512185 0
1482512191 0
1482512197 1
1482512203 1
1482512210 1813
1482512216 1785
1482512223 0
1482512229 0
1482512237 0
1482512244 0
1482512250 0
1482512256 1808
1482512262 68
1482512268 0
1482512275 0
1482512281 0
1482512289 0
1482512295 0
1482512301 2
1482512308 461
1482512314 0
1482512320 0
1482512326 0
1485934295 323
1485934300 1818
1485934306 1828
1485934312 1835
1485934319 1817
1485934325 1810
1485934331 1823
1485934338 1808
1485934344 0
1485934352 0
1485934358 0
1485934365 0
1485934373 1
1485934379 1
1485934387 0
1485934397 0
1485934403 0
1485934409 0
1485934416 1814
1485934422 1812
1485934428 0
1485934437 0
1485934445 0
1485934454 0
1485934460 1
1485934466 0
1485934473 0
1485934479 0
1485934485 0
1485934494 0
1485934500 0
1485934506 0
1485934515 0
1485934521 1
1485934528 1
1485934534 0
1485934541 1420
1485934547 1777
1485934556 0
1485934562 0
1485934568 0
1485934576 0
1485934585 0
1485934591 0
1485934597 1
1485934603 0
1485934610 0
1485934616 0
1485934622 0
1485934628 1
1485934634 0
1485934640 0
1485934646 510
1485934652 1770
1485934661 0
1485934667 0
1485934673 1
1485934680 1785
1485934686 1787
1485934693 1767
1485934699 0
1485934705 0
1485934713 0
1485934720 1794
1485934726 1789
1485934735 1782
1485934740 0
1485934747 0
1485934753 497
1485934766 730
1485934774 0
1485934783 0
1485934789 16
1485934795 1783
1485934801 0
1485934808 0
1485934814 0
1485934823 0
1485934829 1
1485934835 0
1485934842 1793
1485934848 1791
1485934854 0
1485934861 0
1486113304 401
1486113319 1798
1486113326 1791
1486113333 1807
1486113339 1785
1486113345 1772
1486113354 0
1486113360 0
1486113366 1
1486113372 0
1486113381 0
1486113387 0
1486113394 0
1486113400 0
1486113406 0
1486113412 1
1486113418 1
1486113425 0
1486113431 1785
1486113437 0
1486113443 0
1486113450 0
1486113458 0
1486113464 0
1486113479 0
1486113485 0
1486113499 0
1486113505 0
1486113511 0
1486113518 0
1486113524 0
1486113531 1
1486113537 1
1486113543 1
1486113551 0
1486113557 1799
1486113564 1810
1486113570 0
1486113576 0
1486113583 1
1486113589 0
1486113595 0
1486113602 0
1486113608 0
1486113614 0
1486113621 0
1486113627 0
1486113633 0
1486113639 0
1486113646 0
1486113652 0
1486113658 0
1486113667 1
1486113673 1
1486113680 0
1486113686 0
1486113693 1516
1486113699 1810
1486113705 0
1486113711 0
1486113719 0
1486113725 0
1486113732 1
1486113739 0
1486113751 1
1486113758 0
1486113764 0
1486113770 0
1486113777 0
1486113783 1
1486113791 0
1486113797 0
1486113803 0
1486113809 0
1486113815 0
1486113821 3
1486113828 1792
1486113834 0
1486113840 0
1486113849 1
1486113855 1
1486113861 0
1486113867 0
1486113873 0
1486113882 1
1486113888 0
1486113896 0
1486113903 0
1486113909 1
1486113915 0
1486113923 1
1486113930 0
1486113938 0
1486113944 0
1486113951 0
1486113957 0
1486113963 0
1486113969 0
1486113975 0
1486113984 1793
1486113993 0
1486113999 0
1486114005 1
1486114013 0
1486114021 0
1486114027 0
1486114035 0
1486114043 0
1486114051 0
1486114060 0
1486114066 0
1486114072 0
1486114079 0
1486114085 1
1486114094 0
1486114100 0
1486114106 0
1486114115 0
1486114121 1
1486114129 0
1486114135 500
1486114141 1793
1486114147 0
1486114154 0
1486114160 0
1486114166 0
1486114173 0
1486114181 0
1486114187 0
1486114194 0
1486114200 0
1486114206 0
1486114215 0
1486114221 0
1486114229 0
1486114238 0
1486114244 0
1486114250 0
1486114259 0
1486114267 0
1486114273 1
1486114280 3345
1486114286 0
1486114293 0
1486114299 0
1486114306 0
1486114314 0
1486114320 0
1486114327 0
1486114335 0
1486114341 0
1486114348 0
1486114354 0
1486114362 0
1486114368 0
1486114377 0
1486114383 0
1486114389 0
1486114395 0
1486114401 0
1486114408 0
1486114416 0
1486114423 1793
1486114429 0
1486114436 0
1486114443 0
1486114449 0
1486114457 0
1486114466 0
1486114474 0
1486114483 0
1486114490 0
1486114496 0
1486114502 1
1486114509 0
1486114515 0
1486114521 0
1486114527 1796
1486114534 441
1486114542 0
1486114548 0
1486114555 0
1486114561 2
1486114568 1804
1486114574 0
1486114580 0
1486114586 0
1486114595 0
1486114602 1819
1486114608 1794
1486114615 0
1486114621 0
1486114628 0
1486114634 0
1486114643 1801
1486114649 1792
1486114655 0
1486114664 0
1486114670 0
1486114676 0
1486114684 1818
1486114690 0
1486114696 0
1486114703 0
1486114709 0
1486114715 0
1487445314 1785
1487445320 1779
1487445326 1781
1487445332 1794
1487445339 1774
1487445353 21
1487445359 0
1487445365 0
1487445371 0
1487445377 0
1487445384 1
1487445391 1784
1487445397 0
1487445403 0
1487445410 1
1487445416 1342
1487445422 1764
1487445428 0
1487445437 0
1487445444 0
1487445453 0
1487445459 1
1487445465 1779
1487445472 1764
1487445478 0
1487445484 0
1487445490 0
1487445497 3
1487445503 1784
1487445510 0
1487445517 0
1487445526 0
1487445532 0
1487445538 0
1487445544 1
1487445552 0
1487445558 1
1487445564 0
1487445570 0
1487445577 0
1487445583 1
1487445589 1
1487445595 0
1487445604 0
1487445610 1789
1487445617 1778
1487445623 0
1487445631 0
1487445638 0
1487445644 0
1487445650 0
1487445657 0
1487445663 0
1487445669 0
1487445675 0
1487445681 0
1487445687 0
1487445693 1
1487445700 0
1487445706 0
1487445712 0
1487445718 0
1487445724 0
1487445733 0
1487445739 0
1487445745 1792
1487445752 0
1487445758 0
1487445764 0
1487445776 0
1487445779 0
1487445785 0
1487445794 0
1487445800 1
1487445807 0
1487445813 0
1487445819 0
1487445826 0
1487445832 1
1487445838 0
1487445844 1
1487445851 0
1487445859 0
1487445868 0
1487445874 0
1487445880 1827
1487445886 0
1487445893 0
1487445899 0
1487445905 1
1487445911 1
1487445918 1804
1487445924 0
1487445930 0
1487445936 0
1487445945 0
1487445951 0
1487445958 1
1487445966 1
1487445972 1832
1487445979 1775
1487445989 0
1487445997 1
1487446004 0
1487446010 0
1487446016 525
1487446023 1822
1487446029 0
1487446038 0
1487446047 0
1487446053 0
1487446059 0
1487446066 0
1487446072 1838
1487446081 0
1487446088 0
1487446094 0
1487446100 0
1487446106 0
1487446112 0
1487446118 0
1487446127 1
1487446136 1
1487446142 1827
1487446148 0
1487446154 0
1487446161 0
1487446169 0
1487446175 0
1487446181 1
1487446188 1
1487446194 1815
1487446203 0
1487446209 0
1487446215 0
1487446221 0
1487446230 0
1487446236 0
1487446242 1806
1487446249 0
1487446255 0
1487446261 0
1487446270 1
1487446279 0
1487446285 9
1487446292 1818
1487446298 0
1487446304 0
1487446311 0
1487446317 0
1487446323 0
1487446333 0
1487446339 0
1487446345 0
1487446351 0
1487446357 0
1487446364 1797
1487446370 0
1487446376 0
1487446383 0
1487446391 0
1487446397 0
1487446406 0
1487446415 0
1487446421 0
1487446427 0
1487446434 0
1487446440 0
1487446446 1268
1487446452 1760
1487446459 0
1487446465 0
1487446471 1
1487446480 0
1487446486 0
1487446493 0
1487446499 0
1487446505 0
1487446511 0
1487446518 0
1487446524 0
1487446532 0
1487446538 0
1487446547 0
1487446553 0
1487446559 0
1487446566 0
1487446574 0
1487446581 0
1487446587 0
1487446593 1813
1487446599 0
1487446605 0
1487446614 0
1487446623 0
1487446632 1
1487446638 0
1487446644 0
1487446651 1818
1487446657 0
1487446663 0
1487446670 1
1487446676 0
1487446682 0
1487446689 1
1487446695 1793
1487446704 0
1488129696 319
1488129704 1722
1488129710 1725
1488129716 1703
1488129723 1714
1488129729 1713
1488129736 1713
1488129742 0
1488129750 0
1488129759 0
1488129765 0
1488129771 0
1488129779 0
1488129788 0
1488129796 0
1488129805 0
1488129811 0
1488129818 1772
1488129824 0
1488129832 0
1488129841 0
1488129850 0
1488129856 0
1488129862 0
1488129868 0
1488129874 1
1488129883 0
1488129891 0
1488129899 0
1488129909 0
1488129915 0
1488129923 0
1488129932 0
1488129939 0
1488129945 0
1488129953 0
1488129959 0
1488129965 0
1488129972 0
1488129978 1795
1488129984 1767
1488129990 0
1488129999 0
1488130007 0
1488130016 0
1488130024 0
1488130031 0
1488130037 0
1488130043 0
1488130049 0
1488130055 0
1488130061 0
1488130068 0
1488130074 0
1488130080 0
1488130086 0
1488130092 0
1488130098 0
1488130104 0
1488130111 0
1488130117 1
1488130123 1801
1488130129 0
1488130135 0
1488130142 0
1488130148 0
1488130156 0
1488130165 0
1488130171 0
1488130177 0
1488130184 0
1488130190 1771
1488130196 1781
1488130204 0
1488130211 0
1488130217 0
1488130223 0
1488130229 0
1488130238 0
1488130244 0
1488130253 0
1488130259 0
1488130266 0
1488130279 0
1488130287 0
1488130293 1757
1488130300 0
1488130306 0
1488130314 0
1488130320 0
1488130326 0
1488130332 0
1488130339 0
1488130345 0
1488130351 0
1488130357 0
1488130363 0
1488130370 0
1488130376 0
1488130382 0
1488130391 0
1488130398 0
1488130404 0
1488130410 0
1488130418 0
1488130427 29
1488130436 1751
1488130442 0
1488130449 0
1488130455 0
1488130461 0
1488130467 1
1488130473 0
1488130479 0
1488130485 0
1488130492 1742
1488130498 0
1488130504 0
1488130510 0
1488130518 0
1488130525 0
1488130533 0
1488130542 0
1488130548 0
1488130554 1728
1488130561 1722
1488130567 0
1488130575 0
1488130581 0
1488130590 0
1488130601 0
1488130605 0
1488130611 0
1488130617 0
1488130623 0
1488130632 0
1488130638 0
1488130646 1747
1488130653 0
1488130659 0
1488130667 0
1488130676 0
1488130684 0
1488130690 0
1488130697 0
1488130706 0
1488130714 0
1488130720 0
1488130727 0
1488130731 0
1488130872 352
1488130880 1729
1488130886 1720
1488130895 0
1488130901 0
1488130907 0
1488130914 0
1488130920 0
1488130926 0
1488130932 1
1488130938 0
1488130946 0
1488130953 0
1488130959 0
1488130965 1738
1488130972 1716
1488130978 0
1488130983 0
1489941968 441
1489941973 1804
1489941979 1802
1489941986 1801
1489941992 1809
1489941999 1788
1489942005 1777
1489942011 0
1489942018 0
1489942026 0
1489942032 0
1489942041 1
1489942047 0
1489942053 0
1489942062 0
1489942068 0
1489942074 0
1489942080 0
1490643514 395
1490643523 1804
1490643529 1809
1490643536 1796
1490643542 1801
1490643549 1795
1490643555 1811
1490643564 0
1490643570 0
1490643576 0
1490643582 0
1490643589 0
1490643595 0
1490643601 0
1490643607 0
1490643613 0
1490643619 0
1490643626 0
1490643632 0
1490643641 1790
1490643647 1790
1490643655 0
1490643662 0
1490643668 0
1490643674 1
1490643683 0
1490643689 1
1490643695 0
1490643702 0
1490643708 1
1490643714 0
1490643720 0
1490643726 0
1490643737 0
1490643740 0
1490643746 0
1490643755 0
1490643761 1789
1490643767 1787
1490643774 0
1490643780 0
1490643786 0
1490643792 0
1490643798 0
1490643805 0
1490643811 0
1490643817 0
1490643823 0
1490643829 0
1490643836 0
1490643842 0
1490643848 0
1490643855 0
1490643861 0
1490643867 1
1490643874 0
1490643880 1057
1490643886 1808
1490643892 0
1490643898 0
1490643907 0
1490643913 0
1490643919 1
1490643925 0
1490643931 1
1490643937 0
1490643944 0
1490643952 0
1490643959 0
1490643965 1
1490643971 1
1490643977 0
1490643984 0
1490643990 0
1490643996 0
1490644002 0
1490644008 1074
1490644014 1776
1490644023 0
1490644029 0
1490644038 1
1490644044 1
1490644051 1
1490644057 0
1490644065 0
1490644071 0
1490644081 0
1490644087 0
1490644095 0
1490644101 0
1490644107 1
1490644113 0
1490644120 1
1490644126 0
1490644134 0
1490644143 1798
1490644152 0
1490644161 1
1490644169 0
1490644175 1
1490644182 1
1490644188 1
1490644194 1
1490644200 0
1490644207 0
1490644213 0
1490644219 0
1490644225 0
1490644232 0
1490644238 0
1490644247 0
1490644253 0
1490644259 0
1490644268 0
1490644275 16
1490644281 1811
1490644290 0
1490644296 0
1490644302 1
1490644308 0
1490644316 0
1490644323 0
1490644329 0
1490644338 0
1490644345 0
1490644351 0
1490644357 0
1490644364 1801
1490644370 0
1490644379 0
1490644385 1
1490644394 0
1490644400 1815
1490644406 1811
1490644412 0
1490644418 0
1490644424 0
1490644430 0
1490644436 0
1490644442 1793
1490644448 1772
1490644457 0
1490644463 0
1490644472 0
1490644478 0
1490644484 43
1490644491 1781
1490644499 0
1490644505 0
1490644512 0
1490644518 0
1490644524 0
1490644531 1775
1490644537 0
1490644543 0
1490644550 0
1490644556 0
1490644562 0
1490644568 1
1490644575 1758
1490644581 0
1490644587 0
1490644596 0
1490644605 1
1490644611 1769
1490644620 0
1490644626 0
1490644632 0
1490644639 0
1490644645 0
1490644654 1
1490644660 0
1490644666 0
1490644675 1756
1490644681 1756
1490644687 0
1490644693 0
1490644700 0
1490644706 0
1490644712 0
1490644718 1762
1490644724 325
1490644731 0
1490644737 0
1490644743 1
1490644749 0
1490644755 0
1490644761 7
1490644768 1767
1490644774 0
1490644780 0
1490644787 0
1490644793 0
1490644799 0
1490644805 0
1490644811 0
1490644817 0
1490644824 1787
1490644830 1787
1490644837 0
1490644845 0
1490644854 0
1490644860 0
1490644867 1
1490644873 1
1490644879 1
1490644885 1
1490644892 0
1490644900 0
1491732652 1760
1491732659 1801
1491732665 1800
1491732672 1800
1491732678 1798
1491732685 1782
1491732691 1805
1491732697 0
1491732704 0
1491732710 0
1491732716 24
1491732723 1786
1491732729 0
1491732735 0
1491732741 1
1491732747 0
1491732754 1
1491732760 4
1491732766 1793
1491732772 0
1491732778 0
1491732788 1
1491732797 0
1491732806 0
1491732812 1800
1491732818 1800
1491732827 0
1491732833 0
1491732839 0
1491732846 0
1491732852 0
1491732858 0
1491732865 0
1491732871 1817
1491732877 1807
1491732884 0
1491732893 1
1491732899 0
1491732908 0
1491732915 496
1491732921 72
1491732927 0
1491732934 0
1491732940 0
1491732946 0
1491732952 0
1491732959 511
1491732966 1786
1491732972 0
1491732979 0
1491732985 0
1491732991 0
1491732998 0
1491733004 0
1491733010 2
1491733017 1793
1491733026 0
1491733032 0
1491733038 1
1491733044 0
1491733050 1
1491859097 1827
1491859104 1803
1491859110 1826
1491859117 1805
1491859123 1797
1491859130 1811
1491859136 1804
1491859142 0
1491859148 0
1491859154 0
1491859161 0
1491859167 0
1491859173 1
1491859182 0
1491859188 0
1491859195 0
1491859201 0
1491859207 0
1491859214 1
1491859221 246
1491859227 0
1491859233 0
1491859239 1
1491859245 0
1491859252 0
1491859258 0
1491859264 0
1491859271 1
1491859280 1
1491859286 0
1491859292 0
1491859299 0
1491859305 0
1491859311 0
1491859318 0
1491859324 0
1491859330 492
1491859337 1785
1491859343 0
1491859350 0
1491859356 0
1491859365 0
1491859371 1
1491859377 1762
1491859383 0
1491859389 0
1491859396 0
1491859402 0
1491859408 0
1491859415 1796
1491859421 1343
1491859427 0
1491859433 1
1491859440 0
1491859446 0
1491859452 0
1491859458 0
1491859471 1808
1491859480 0
1491859486 0
1491859492 0
1491859499 0
1491859505 0
1491859512 1825
1491859518 0
1491859524 0
1491859531 0
1491859537 0
1491859543 0
1491859549 0
1491859559 2
1491859565 1813
1491859571 0
1491859577 0
1491859584 0
1491859590 0
1491859596 0
1491859603 0
1491859609 1824
1491859616 1816
1491859622 0
1491859629 0
1491859635 1
1491859641 0
1491859647 0
1491859653 480
1491859660 1789
1491859666 0
1491859673 0
1491859679 0
1491859685 0
1491859692 0
1491859698 1800
1491859704 0
1491859710 0
1491859716 0
1491859722 0
1491859732 0
1491859738 0
1491859744 0
1491859750 0
1491859757 0
1491859763 0
1491859769 1797
1491859775 1801
1491859782 0
1491859788 0
1491859794 0
1491859800 0
1491859806 0
1491859812 0
1491859818 0
1491859825 0
1491859831 13
1491859838 1790
1491859844 0
1491859851 0
1491859857 0
1491859863 0
1491859869 0
1491859878 0
1491859884 0
1491859891 0
1491859897 0
1491859903 1798
1491859910 0
1491859916 0
1491859923 0
1491859929 0
1491859935 0
1491859941 0
1491859950 0
1491859957 1824
1491859963 0
1491859969 0
1491859975 1
